Date,Tmax,Tmin,Tavg,Depart,DewPoint,WetBulb,Heat,Cool,PrecipTotal,SunLight,Rain,Mist,Haze,Drizzle,Fog
2007-05-01,83,50,67,14,51,56,0,2,0.0,14.016666666666666,0,0,0,0,0
2007-05-02,59,42,51,-3,42,47,14,0,0.0,13.883333333333333,0,1,0,0,0
2007-05-03,66,46,56,2,40,48,9,0,0.0,13.916666666666666,0,0,0,0,0
2007-05-04,66,49,58,4,41,50,7,0,0.01,13.966666666666669,1,0,0,0,0
2007-05-05,66,53,60,5,38,49,5,0,0.01,14.0,0,0,0,0,0
2007-05-06,68,49,59,4,30,46,6,0,0.0,14.049999999999999,0,0,0,0,0
2007-05-07,83,47,65,10,41,54,0,0,0.01,14.083333333333336,1,0,0,0,0
2007-05-08,82,54,68,12,58,62,0,3,0.0,13.966666666666667,0,1,0,0,0
2007-05-09,77,61,69,13,59,63,0,4,0.13,14.0,0,1,1,0,0
2007-05-10,84,56,70,14,52,60,0,5,0.0,14.033333333333331,0,1,0,0,0
2007-05-11,70,51,61,4,42,51,4,0,0.0,13.9,0,0,0,0,0
2007-05-12,64,46,55,-2,36,46,10,0,0.0,14.933333333333334,0,0,0,0,0
2007-05-13,69,43,56,-2,33,46,9,0,0.0,14.966666666666669,0,0,0,0,0
2007-05-14,90,56,73,15,47,59,0,8,0.0,15.0,0,0,0,0,0
2007-05-15,80,57,69,11,56,61,0,4,0.38,15.033333333333333,1,1,0,0,0
2007-05-16,66,44,55,-4,43,48,10,0,0.14,15.066666666666666,1,1,0,0,0
2007-05-17,62,43,53,-6,32,43,12,0,0.0,15.100000000000001,0,0,0,0,0
2007-05-18,71,42,57,-3,30,46,8,0,0.0,14.966666666666667,0,0,0,0,0
2007-05-19,80,56,68,8,39,53,0,3,0.0,15.0,0,0,0,0,0
2007-05-20,69,43,56,-5,40,44,9,0,0.07,15.033333333333331,1,0,0,0,0
2007-05-21,80,44,62,1,50,56,3,0,0.0,14.9,0,0,0,0,0
2007-05-22,87,55,71,10,46,58,0,6,0.0,14.933333333333334,0,0,0,0,0
2007-05-23,89,60,75,14,49,61,0,10,0.0,14.950000000000003,0,0,0,0,0
2007-05-24,88,63,76,14,54,63,0,11,0.02,14.983333333333334,1,0,1,0,0
2007-05-25,70,56,63,1,44,53,2,0,0.01,15.016666666666666,0,0,0,0,0
2007-05-26,65,49,57,-5,55,56,8,0,1.01,15.049999999999999,1,1,1,0,0
2007-05-27,75,57,66,4,47,56,0,1,0.04,15.066666666666668,1,1,0,0,0
2007-05-28,79,50,65,2,47,56,0,0,0.01,15.083333333333336,1,0,0,0,0
2007-05-29,88,60,74,10,58,65,0,9,0.0,15.100000000000001,0,1,1,0,0
2007-05-30,87,66,77,13,58,65,0,12,0.0,15.133333333333333,0,0,1,0,0
2007-05-31,78,65,72,8,61,65,0,7,0.01,15.149999999999999,1,0,1,0,0
2007-06-01,85,62,74,10,63,66,0,9,0.19,14.85,1,1,1,0,0
2007-06-02,81,65,73,9,63,67,0,8,0.04,14.85,1,1,0,0,0
2007-06-03,78,62,70,6,60,63,0,5,0.01,14.883333333333333,1,1,1,0,0
2007-06-04,71,58,65,1,58,60,0,0,0.39,14.900000000000002,1,1,0,0,0
2007-06-05,64,47,56,-9,48,51,9,0,0.42,14.933333333333334,1,1,0,0,0
2007-06-06,71,44,58,-8,48,55,7,0,0.01,14.933333333333334,1,0,0,0,0
2007-06-07,91,71,81,15,62,69,0,16,0.0,14.95,0,0,0,0,0
2007-06-08,81,57,69,3,53,61,0,4,0.0,14.966666666666665,0,0,0,0,0
2007-06-09,79,52,66,0,47,57,0,1,0.0,14.983333333333333,0,0,0,0,0
2007-06-10,81,55,68,1,51,59,0,3,0.0,15.000000000000002,0,0,0,0,0
2007-06-11,86,58,72,5,52,61,0,7,0.0,15.000000000000002,0,0,0,0,0
2007-06-12,83,62,73,5,50,60,0,8,0.0,15.016666666666667,0,0,0,0,0
2007-06-13,87,60,74,6,53,62,0,9,0.0,15.016666666666667,0,0,0,0,0
2007-06-14,89,64,77,9,55,64,0,12,0.0,15.033333333333333,0,0,0,0,0
2007-06-15,91,63,77,9,56,64,0,12,0.0,15.033333333333333,0,0,0,0,0
2007-06-16,93,66,80,11,60,67,0,15,0.01,15.049999999999999,1,0,1,0,0
2007-06-17,91,70,81,12,64,70,0,16,0.0,15.049999999999999,0,0,1,0,0
2007-06-18,89,69,79,9,65,70,0,14,0.28,15.049999999999999,1,0,1,0,0
2007-06-19,80,65,73,3,55,63,0,8,0.58,14.9,1,0,0,0,0
2007-06-20,84,61,73,3,52,61,0,8,0.0,14.9,0,0,0,0,0
2007-06-21,77,61,69,-1,51,60,0,4,0.01,14.9,1,0,0,0,0
2007-06-22,76,61,69,-1,50,58,0,4,0.01,14.899999999999999,1,0,0,0,0
2007-06-23,67,62,65,-5,58,61,0,0,0.05,14.899999999999999,1,1,0,0,0
2007-06-24,77,63,70,-1,62,65,0,5,0.0,14.899999999999999,0,1,1,0,0
2007-06-25,89,65,77,6,66,70,0,12,0.0,14.899999999999999,0,1,1,0,0
2007-06-26,92,70,81,10,69,72,0,16,0.16,14.883333333333333,1,1,1,0,0
2007-06-27,91,71,81,10,70,72,0,16,0.15,14.883333333333333,1,0,0,0,0
2007-06-28,74,58,66,-5,55,60,0,1,0.0,14.866666666666665,0,0,0,0,0
2007-06-29,70,56,63,-8,55,59,2,0,0.0,14.866666666666665,0,0,0,0,0
2007-06-30,79,54,67,-5,46,56,0,2,0.0,14.866666666666665,0,0,0,0,0
2007-07-01,75,54,65,-7,52,58,0,0,0.0,15.016666666666666,0,0,0,0,0
2007-07-02,79,53,66,-6,50,58,0,1,0.0,15.016666666666666,0,0,0,0,0
2007-07-03,83,60,72,0,57,63,0,7,0.4,15.0,1,1,0,0,0
2007-07-04,86,67,77,5,65,69,0,12,0.16,14.966666666666667,1,1,1,0,0
2007-07-05,89,71,80,8,60,67,0,15,0.0,14.966666666666667,0,1,1,0,0
2007-07-06,86,66,76,4,57,64,0,11,0.0,14.95,0,0,0,0,0
2007-07-07,90,64,77,5,63,69,0,12,0.0,14.95,0,0,0,0,0
2007-07-08,94,75,85,12,67,72,0,20,0.0,15.083333333333332,0,0,0,0,0
2007-07-09,94,70,82,9,66,70,0,17,0.3,15.066666666666666,1,0,0,0,0
2007-07-10,89,69,79,6,67,70,0,14,0.43,15.066666666666666,0,0,1,0,0
2007-07-11,77,62,70,-3,51,59,0,5,0.0,15.033333333333333,0,0,0,0,0
2007-07-12,80,61,71,-2,51,59,0,6,0.0,15.016666666666666,0,0,0,0,0
2007-07-13,78,58,68,-5,52,58,0,3,0.0,14.983333333333334,0,0,0,0,0
2007-07-14,84,61,73,0,55,62,0,8,0.0,14.983333333333334,0,0,0,0,0
2007-07-15,82,60,71,-3,53,61,0,6,0.0,14.950000000000001,0,0,0,0,0
2007-07-16,82,65,74,0,60,65,0,9,0.39,15.083333333333332,1,1,0,0,0
2007-07-17,83,68,76,2,66,69,0,11,0.11,15.066666666666666,1,1,0,0,0
2007-07-18,85,69,77,3,68,71,0,12,1.55,15.033333333333333,1,1,0,0,0
2007-07-19,83,63,73,-1,63,66,0,8,0.16,15.0,0,1,0,1,0
2007-07-20,75,58,67,-7,53,59,0,2,0.0,15.0,0,0,0,0,0
2007-07-21,74,58,66,-8,52,58,0,1,0.0,14.966666666666669,0,0,0,0,0
2007-07-22,81,58,70,-4,55,61,0,5,0.0,14.933333333333334,0,0,0,0,0
2007-07-23,83,60,72,-2,55,63,0,7,0.0,14.9,0,0,0,0,0
2007-07-24,82,65,74,0,58,64,0,9,0.0,15.033333333333331,0,0,0,0,0
2007-07-25,85,71,78,4,61,67,0,13,0.01,15.0,0,0,0,0,0
2007-07-26,83,66,75,1,65,68,0,10,0.19,14.983333333333333,1,1,1,0,0
2007-07-27,83,70,77,3,68,70,0,12,0.17,15.116666666666667,1,1,1,0,0
2007-07-28,80,66,73,-1,65,68,0,8,0.0,15.083333333333336,0,1,1,0,0
2007-07-29,85,63,74,0,57,64,0,9,0.0,15.049999999999999,0,0,0,0,0
2007-07-30,89,62,76,2,55,64,0,11,0.0,15.016666666666666,0,0,0,0,0
2007-07-31,91,68,80,6,61,68,0,15,0.0,14.983333333333334,0,0,0,0,0
2007-08-01,92,69,81,8,62,69,0,16,0.0,14.933333333333334,0,0,1,0,0
2007-08-02,91,70,81,8,66,71,0,16,0.0,14.9,0,0,1,0,0
2007-08-03,90,69,80,7,56,66,0,15,0.0,15.033333333333331,0,0,0,0,0
2007-08-04,81,64,73,0,58,64,0,8,0.03,15.0,1,0,0,0,0
2007-08-05,88,67,78,5,71,73,0,13,1.43,14.966666666666667,1,1,1,0,0
2007-08-06,88,74,81,8,72,74,0,16,0.26,15.100000000000001,1,1,1,0,0
2007-08-07,91,72,82,9,73,76,0,17,1.31,15.05,1,1,0,0,0
2007-08-08,87,73,80,7,71,73,0,15,0.06,15.016666666666667,1,1,0,0,0
2007-08-09,84,72,78,5,71,73,0,13,0.05,14.983333333333334,1,0,0,0,0
2007-08-10,86,70,78,5,68,72,0,13,0.0,14.933333333333334,0,1,0,0,0
2007-08-11,89,67,78,5,65,70,0,13,0.0,14.066666666666666,0,1,1,0,0
2007-08-12,88,67,78,5,67,71,0,13,0.29,14.033333333333333,1,0,0,0,0
2007-08-13,81,65,73,0,57,64,0,8,0.0,13.983333333333334,0,1,0,0,0
2007-08-14,84,65,75,3,67,70,0,10,0.41,13.95,1,1,0,0,0
2007-08-15,80,71,76,4,67,70,0,11,0.23,13.916666666666666,1,1,0,0,0
2007-08-16,77,65,71,-1,64,67,0,6,0.0,13.033333333333335,0,1,0,0,0
2007-08-17,79,60,70,-2,54,61,0,5,0.0,13.0,0,0,0,0,0
2007-08-18,68,59,64,-8,54,58,1,0,0.09,13.116666666666665,1,0,0,0,0
2007-08-19,68,62,65,-6,62,64,0,0,1.33,13.083333333333332,1,1,0,0,0
2007-08-20,78,68,73,2,68,69,0,8,0.91,13.033333333333335,1,1,0,0,0
2007-08-21,87,69,78,7,70,72,0,13,0.01,13.0,0,1,1,0,0
2007-08-22,90,69,80,9,71,73,0,15,0.37,12.950000000000001,1,0,0,0,0
2007-08-23,87,69,78,7,69,71,0,13,2.35,12.900000000000002,1,1,0,0,0
2007-08-24,80,69,75,4,67,69,0,10,0.24,12.85,1,0,0,0,0
2007-08-25,79,64,72,2,63,66,0,7,0.34,13.149999999999999,1,0,0,0,0
2007-08-26,79,60,70,0,55,61,0,5,0.0,13.100000000000001,0,0,0,0,0
2007-08-27,79,60,70,0,60,64,0,5,0.0,13.049999999999999,0,0,0,0,0
2007-08-28,91,67,79,9,66,70,0,14,0.0,13.016666666666666,0,0,0,0,0
2007-08-29,85,68,77,7,65,69,0,12,0.01,12.966666666666669,0,0,0,0,0
2007-08-30,75,57,66,-4,54,60,0,1,0.0,12.933333333333334,0,0,0,0,0
2007-08-31,77,57,67,-2,52,59,0,2,0.0,13.049999999999999,0,0,0,0,0
2007-09-01,81,57,69,1,55,61,0,4,0.0,13.0,0,0,0,0,0
2007-09-02,85,61,73,5,57,63,0,8,0.0,12.966666666666669,0,0,0,0,0
2007-09-03,88,66,77,9,61,67,0,12,0.0,12.916666666666666,0,0,0,0,0
2007-09-04,89,63,76,8,60,66,0,11,0.0,13.033333333333335,0,0,0,0,0
2007-09-05,90,66,78,11,63,69,0,13,0.01,13.0,1,0,0,0,0
2007-09-06,82,73,78,11,67,70,0,13,0.18,13.116666666666665,1,0,1,0,0
2007-09-07,84,70,77,10,68,70,0,12,0.19,13.066666666666666,1,1,1,0,0
2007-09-08,78,64,71,5,57,63,0,6,0.0,13.016666666666666,0,0,0,0,0
2007-09-09,80,63,72,6,59,63,0,7,0.0,12.983333333333334,0,0,0,0,0
2007-09-10,74,54,64,-2,58,60,1,0,0.36,12.933333333333335,1,1,0,0,0
2007-09-11,71,50,61,-4,44,52,4,0,0.01,12.883333333333333,0,0,0,0,0
2007-09-12,67,46,57,-8,42,49,8,0,0.0,13.016666666666666,0,0,0,0,0
2007-09-13,78,50,64,-1,45,54,1,0,0.0,12.966666666666667,0,0,0,0,0
2007-09-14,66,45,56,-8,39,48,9,0,0.0,13.083333333333332,0,0,0,0,0
2007-09-15,61,39,50,-14,33,43,15,0,0.0,13.033333333333335,0,0,0,0,0
2007-09-16,71,44,58,-6,40,49,7,0,0.0,11.966666666666667,0,0,0,0,0
2007-09-17,80,52,66,2,49,57,0,1,0.0,12.083333333333332,0,0,0,0,0
2007-09-18,88,63,76,12,58,65,0,11,0.0,12.01666666666667,0,0,0,0,0
2007-09-19,84,65,75,12,59,65,0,10,0.0,11.983333333333333,0,0,0,0,0
2007-09-20,78,60,69,7,59,63,0,4,0.0,11.933333333333334,0,0,0,0,0
2007-09-21,88,64,76,14,59,66,0,11,0.0,11.883333333333333,0,0,1,0,0
2007-09-22,74,51,63,1,43,53,2,0,0.0,11.999999999999998,0,0,0,0,0
2007-09-23,84,50,67,6,50,58,0,2,0.0,12.133333333333333,0,0,0,0,0
2007-09-24,90,68,79,18,63,68,0,14,0.0,12.083333333333336,0,0,0,0,0
2007-09-25,85,63,74,13,65,69,0,9,0.27,12.033333333333333,1,0,0,0,0
2007-09-26,69,53,61,1,50,55,4,0,0.09,11.983333333333334,1,0,0,0,0
2007-09-27,75,49,62,2,49,55,3,0,0.01,11.95,0,1,0,0,0
2007-09-28,73,53,63,4,46,53,2,0,0.0,12.066666666666666,0,0,0,0,0
2007-09-29,80,50,65,6,46,55,0,0,0.0,12.016666666666667,0,0,0,0,0
2007-09-30,83,59,71,12,49,59,0,6,0.14,11.966666666666665,1,1,0,0,0
2007-10-01,69,59,64,6,59,61,1,0,0.29,11.933333333333334,1,1,0,1,1
2007-10-02,78,57,68,10,59,63,0,3,0.09,11.883333333333335,1,1,0,0,1
2007-10-03,74,55,65,8,48,56,0,0,0.0,12.0,0,0,0,0,0
2007-10-04,82,51,67,10,56,61,0,2,0.0,12.116666666666665,0,0,1,0,0
2007-10-05,84,62,73,16,65,68,0,8,0.0,12.066666666666666,0,0,1,0,0
2007-10-06,87,69,78,22,67,70,0,13,0.0,12.016666666666666,0,0,0,0,0
2007-10-07,87,67,77,21,66,70,0,12,0.0,11.983333333333334,0,0,0,0,0
2007-10-08,87,60,74,18,61,66,0,9,0.0,11.933333333333335,0,0,0,0,0
2007-10-09,76,49,63,8,44,53,2,0,0.0,11.883333333333333,0,0,0,0,0
2007-10-10,54,47,51,-4,38,44,14,0,0.01,12.016666666666666,1,0,0,1,0
2007-10-11,54,46,50,-4,39,45,15,0,0.0,11.966666666666667,0,0,0,0,0
2007-10-12,56,41,49,-5,35,43,16,0,0.0,11.083333333333332,0,0,0,0,0
2007-10-13,59,40,50,-3,41,47,15,0,0.0,11.033333333333333,0,0,0,0,0
2007-10-14,61,53,57,4,49,53,8,0,0.15,10.983333333333334,1,0,0,0,0
2007-10-15,74,51,63,10,52,57,2,0,0.07,10.95,1,1,0,0,0
2007-10-16,67,52,60,8,54,57,5,0,0.24,11.066666666666666,1,1,0,1,0
2007-10-17,72,47,60,8,53,57,5,0,0.04,11.016666666666667,1,0,1,0,0
2007-10-18,78,59,69,18,56,61,0,4,0.3,10.983333333333334,1,1,0,0,0
2007-10-19,60,52,56,5,48,52,9,0,0.01,10.933333333333334,1,1,0,0,0
2007-10-20,73,47,60,10,43,52,5,0,0.0,11.05,0,0,0,0,0
2007-10-21,80,60,70,20,47,57,0,5,0.0,11.0,0,0,0,0,0
2007-10-22,67,46,57,7,47,50,8,0,0.16,9.966666666666667,1,1,0,1,0
2007-10-23,58,43,51,2,36,44,14,0,0.0,10.083333333333332,0,0,0,0,0
2007-10-24,55,43,49,0,35,42,16,0,0.0,10.05,0,0,0,0,0
2007-10-25,55,45,50,2,39,46,15,0,0.01,10.000000000000002,1,0,0,0,0
2007-10-26,65,53,59,11,48,52,6,0,0.33,9.95,1,1,0,0,0
2007-10-27,55,37,46,-2,38,45,19,0,0.01,9.916666666666668,1,1,0,0,0
2007-10-28,56,34,45,-2,30,39,20,0,0.0,9.866666666666665,0,0,0,0,0
2007-10-29,61,39,50,3,32,42,15,0,0.0,10.0,0,0,0,0,0
2007-10-30,66,41,54,8,38,46,11,0,0.0,10.116666666666665,0,0,0,0,0
2007-10-31,62,41,52,6,37,46,13,0,0.0,10.066666666666666,0,0,0,0,0
2008-05-01,74,48,61,8,51,56,4,0,0.0,14.016666666666666,0,0,0,0,0
2008-05-02,74,51,63,9,55,58,2,0,1.28,13.883333333333333,1,1,0,0,0
2008-05-03,56,43,50,-4,41,46,15,0,0.01,13.916666666666666,1,0,0,0,0
2008-05-04,65,38,52,-2,34,45,13,0,0.0,13.966666666666669,0,0,0,0,0
2008-05-05,75,50,63,8,38,50,2,0,0.0,14.0,0,0,0,0,0
2008-05-06,81,46,64,9,44,55,1,0,0.0,14.049999999999999,0,0,0,0,0
2008-05-07,70,49,60,5,52,56,5,0,0.76,14.083333333333336,1,1,0,0,0
2008-05-08,59,45,52,-4,35,44,13,0,0.0,13.966666666666667,0,0,0,0,0
2008-05-09,58,41,50,-6,34,43,15,0,0.0,14.0,0,0,0,0,0
2008-05-10,61,38,50,-6,37,45,15,0,0.0,14.033333333333331,0,0,0,0,0
2008-05-11,58,46,52,-5,43,47,13,0,0.95,13.9,1,1,0,0,0
2008-05-12,56,40,48,-9,38,43,17,0,0.0,14.933333333333334,0,0,0,0,0
2008-05-13,73,40,57,-1,45,51,8,0,0.08,14.966666666666669,1,0,0,0,0
2008-05-14,64,45,55,-3,48,52,10,0,0.02,15.0,0,1,0,1,0
2008-05-15,57,43,50,-8,37,45,15,0,0.0,15.033333333333333,0,0,0,0,0
2008-05-16,73,40,57,-2,41,50,8,0,0.0,15.066666666666666,0,0,0,0,0
2008-05-17,73,52,63,4,41,52,2,0,0.12,15.100000000000001,1,0,0,0,0
2008-05-18,55,44,50,-10,39,45,15,0,0.0,14.966666666666667,0,0,0,0,0
2008-05-19,60,40,50,-10,33,43,15,0,0.01,15.0,1,0,0,0,0
2008-05-20,66,47,57,-4,37,47,8,0,0.0,15.033333333333331,0,0,0,0,0
2008-05-21,66,41,54,-7,36,46,11,0,0.0,14.9,0,0,0,0,0
2008-05-22,59,45,52,-9,38,45,13,0,0.0,14.933333333333334,0,0,0,0,0
2008-05-23,57,46,52,-9,39,45,13,0,0.0,14.950000000000003,0,0,0,0,0
2008-05-24,67,40,54,-8,40,48,11,0,0.0,14.983333333333334,0,0,0,0,0
2008-05-25,78,44,61,-1,50,57,4,0,0.01,15.016666666666666,1,0,0,0,0
2008-05-26,81,47,64,2,60,64,1,0,0.48,15.049999999999999,1,1,0,0,0
2008-05-27,50,42,46,-16,35,42,19,0,0.0,15.066666666666668,0,0,0,0,0
2008-05-28,62,43,53,-10,32,43,12,0,0.0,15.083333333333336,0,0,0,0,0
2008-05-29,67,42,55,-9,37,47,10,0,0.01,15.100000000000001,1,0,0,0,0
2008-05-30,77,55,66,2,59,62,0,1,0.4,15.133333333333333,1,1,0,0,0
2008-05-31,79,59,69,5,56,62,0,4,0.0,15.149999999999999,0,0,0,0,0
2008-06-01,74,53,64,0,47,55,1,0,0.0,14.85,0,0,0,0,0
2008-06-02,86,56,71,7,52,60,0,6,0.01,14.85,1,0,0,0,0
2008-06-03,69,55,62,-2,55,57,3,0,0.52,14.883333333333333,1,1,0,0,1
2008-06-04,78,54,66,2,59,61,0,1,0.01,14.900000000000002,1,1,1,1,1
2008-06-05,87,60,74,9,68,71,0,9,0.64,14.933333333333334,1,1,0,0,0
2008-06-06,87,73,80,14,68,72,0,15,0.01,14.933333333333334,1,0,0,0,0
2008-06-07,85,69,77,11,71,73,0,12,0.11,14.95,1,1,0,0,0
2008-06-08,85,64,75,9,68,70,0,10,1.24,14.966666666666665,1,0,0,0,0
2008-06-09,74,65,70,4,64,66,0,5,0.14,14.983333333333333,1,1,0,0,0
2008-06-10,79,59,69,2,56,61,0,4,0.01,15.000000000000002,1,0,0,0,0
2008-06-11,86,61,74,7,56,64,0,9,0.0,15.000000000000002,0,0,0,0,0
2008-06-12,91,73,82,14,63,69,0,17,0.0,15.016666666666667,0,0,0,0,0
2008-06-13,82,65,74,6,62,66,0,9,0.39,15.016666666666667,1,1,0,0,0
2008-06-14,84,59,72,4,53,61,0,7,0.0,15.033333333333333,0,0,0,0,0
2008-06-15,81,61,71,3,60,64,0,6,0.18,15.033333333333333,1,0,0,0,0
2008-06-16,72,59,66,-3,49,57,0,1,0.0,15.049999999999999,0,0,0,0,0
2008-06-17,76,55,66,-3,46,55,0,1,0.0,15.049999999999999,0,0,0,0,0
2008-06-18,77,56,67,-3,48,56,0,2,0.0,15.049999999999999,0,0,0,0,0
2008-06-19,81,52,67,-3,46,56,0,2,0.0,14.9,0,0,0,0,0
2008-06-20,82,58,70,0,53,60,0,5,0.09,14.9,1,0,0,0,0
2008-06-21,82,61,72,2,52,61,0,7,0.01,14.9,0,0,0,0,0
2008-06-22,82,57,70,0,52,59,0,5,0.16,14.899999999999999,1,0,0,0,0
2008-06-23,77,56,67,-3,54,59,0,2,0.0,14.899999999999999,0,0,0,0,0
2008-06-24,82,55,69,-2,53,60,0,4,0.0,14.899999999999999,0,0,0,0,0
2008-06-25,79,66,73,2,64,67,0,8,0.08,14.899999999999999,1,0,0,0,0
2008-06-26,86,70,78,7,66,70,0,13,0.0,14.883333333333333,0,1,0,0,0
2008-06-27,84,66,75,4,67,70,0,10,0.01,14.883333333333333,1,0,0,0,0
2008-06-28,83,64,74,3,55,63,0,9,0.04,14.866666666666665,1,0,1,0,0
2008-06-29,75,60,68,-3,58,61,0,3,0.58,14.866666666666665,1,1,0,0,0
2008-06-30,80,59,70,-2,50,58,0,5,0.0,14.866666666666665,0,0,0,0,0
2008-07-01,83,58,71,-1,51,60,0,6,0.0,15.016666666666666,0,0,0,0,0
2008-07-02,87,63,75,3,62,66,0,10,0.2,15.016666666666666,1,1,0,0,0
2008-07-03,71,55,63,-9,51,57,2,0,0.01,15.0,0,0,0,0,0
2008-07-04,76,52,64,-8,50,57,1,0,0.0,14.966666666666667,0,0,0,0,0
2008-07-05,80,54,67,-5,52,59,0,2,0.0,14.966666666666667,0,0,0,0,0
2008-07-06,87,59,73,1,57,65,0,8,0.0,14.95,0,0,0,0,0
2008-07-07,87,71,79,7,67,71,0,14,0.03,14.95,1,0,0,0,0
2008-07-08,85,70,78,5,67,71,0,13,0.03,15.083333333333332,0,0,0,0,0
2008-07-09,85,67,76,3,55,63,0,11,0.01,15.066666666666666,0,0,0,0,0
2008-07-10,82,64,73,0,63,66,0,8,0.72,15.066666666666666,1,1,0,0,0
2008-07-11,88,64,76,3,65,69,0,11,0.34,15.033333333333333,1,1,0,0,0
2008-07-12,81,65,73,0,63,66,0,8,0.73,15.016666666666666,1,1,0,0,0
2008-07-13,79,62,71,-2,54,61,0,6,0.0,14.983333333333334,0,0,0,0,0
2008-07-14,84,62,73,0,54,62,0,8,0.0,14.983333333333334,0,0,0,0,0
2008-07-15,90,61,76,2,62,68,0,11,0.0,14.950000000000001,0,0,0,0,0
2008-07-16,90,71,81,7,66,70,0,16,0.0,15.083333333333332,0,0,0,0,0
2008-07-17,89,71,80,6,66,71,0,15,0.0,15.066666666666666,0,0,0,0,0
2008-07-18,86,74,80,6,68,72,0,15,0.04,15.033333333333333,1,0,0,0,0
2008-07-19,78,67,73,-1,68,69,0,8,1.61,15.0,1,1,0,0,0
2008-07-20,86,68,77,3,68,71,0,12,0.74,15.0,1,0,0,0,0
2008-07-21,83,68,76,2,65,68,0,11,0.13,14.966666666666669,1,0,0,0,0
2008-07-22,77,63,70,-4,59,64,0,5,0.01,14.933333333333334,0,0,0,0,0
2008-07-23,81,60,71,-3,52,60,0,6,0.0,14.9,0,0,0,0,0
2008-07-24,82,59,71,-3,53,61,0,6,0.0,15.033333333333331,0,0,0,0,0
2008-07-25,82,61,72,-2,63,67,0,7,0.0,15.0,0,0,0,0,0
2008-07-26,84,65,75,1,58,65,0,10,0.0,14.983333333333333,0,1,0,0,0
2008-07-27,83,62,73,-1,58,64,0,8,0.0,15.116666666666667,0,0,0,0,0
2008-07-28,85,66,76,2,63,67,0,11,0.0,15.083333333333336,0,0,0,0,0
2008-07-29,88,65,77,3,67,70,0,12,0.05,15.049999999999999,1,0,0,0,0
2008-07-30,89,72,81,7,65,70,0,16,0.0,15.016666666666666,0,0,0,0,0
2008-07-31,89,72,81,7,67,70,0,16,0.14,14.983333333333334,1,1,0,0,0
2008-08-01,89,68,79,6,68,72,0,14,1.05,14.933333333333334,1,0,0,0,0
2008-08-02,81,65,73,0,59,65,0,8,0.0,14.9,0,0,0,0,0
2008-08-03,84,61,73,0,61,66,0,8,0.0,15.033333333333331,0,0,0,0,0
2008-08-04,87,70,79,6,68,70,0,14,2.43,15.0,1,1,0,0,0
2008-08-05,87,69,78,5,67,71,0,13,0.0,14.966666666666667,0,0,1,0,0
2008-08-06,84,67,76,3,60,66,0,11,0.0,15.100000000000001,0,0,0,0,0
2008-08-07,82,64,73,0,56,63,0,8,0.0,15.05,0,0,0,0,0
2008-08-08,79,63,71,-2,54,61,0,6,0.0,15.016666666666667,0,0,0,0,0
2008-08-09,80,62,71,-2,58,62,0,6,0.01,14.983333333333334,0,0,0,0,0
2008-08-10,74,58,66,-7,52,58,0,1,0.0,14.933333333333334,0,0,0,0,0
2008-08-11,77,59,68,-5,57,61,0,3,0.0,14.066666666666666,0,0,0,0,0
2008-08-12,77,61,69,-4,57,62,0,4,0.0,14.033333333333333,0,0,0,0,0
2008-08-13,79,66,73,0,59,63,0,8,0.06,13.983333333333334,1,0,0,0,0
2008-08-14,79,63,71,-1,60,64,0,6,0.0,13.95,0,1,1,0,0
2008-08-15,78,61,70,-2,54,61,0,5,0.0,13.916666666666666,0,0,0,0,0
2008-08-16,83,58,71,-1,53,61,0,6,0.0,13.033333333333335,0,0,0,0,0
2008-08-17,84,63,74,2,60,65,0,9,0.0,13.0,0,0,0,0,0
2008-08-18,85,65,75,3,57,64,0,10,0.0,13.116666666666665,0,0,0,0,0
2008-08-19,82,63,73,2,64,67,0,8,0.0,13.083333333333332,0,0,0,0,0
2008-08-20,81,65,73,2,60,65,0,8,0.0,13.033333333333335,0,0,0,0,0
2008-08-21,82,68,75,4,61,66,0,10,0.01,13.0,1,0,0,0,0
2008-08-22,83,72,78,7,68,71,0,13,0.09,12.950000000000001,1,1,1,0,0
2008-08-23,87,68,78,7,66,70,0,13,0.0,12.900000000000002,0,1,0,0,0
2008-08-24,77,63,70,-1,57,62,0,5,0.0,12.85,0,0,0,0,0
2008-08-25,74,64,69,-1,54,60,0,4,0.0,13.149999999999999,0,0,0,0,0
2008-08-26,76,61,69,-1,54,60,0,4,0.0,13.100000000000001,0,0,0,0,0
2008-08-27,83,61,72,2,56,63,0,7,0.0,13.049999999999999,0,0,0,0,0
2008-08-28,80,63,72,2,64,67,0,7,0.06,13.016666666666666,1,1,0,0,0
2008-08-29,85,64,75,5,58,65,0,10,0.04,12.966666666666669,1,1,0,0,0
2008-08-30,87,56,72,2,55,62,0,7,0.0,12.933333333333334,0,0,0,0,0
2008-08-31,90,60,75,6,56,64,0,10,0.0,13.049999999999999,0,0,0,0,0
2008-09-01,90,62,76,8,54,63,0,11,0.0,13.0,0,0,0,0,0
2008-09-02,94,65,80,12,61,68,0,15,0.0,12.966666666666669,0,0,0,0,0
2008-09-03,77,66,72,4,60,64,0,7,0.02,12.916666666666666,1,0,0,0,0
2008-09-04,67,61,64,-4,61,62,1,0,2.9,13.033333333333335,1,1,0,0,0
2008-09-05,70,57,64,-3,56,59,1,0,0.0,13.0,0,0,0,0,0
2008-09-06,74,53,64,-3,54,58,1,0,0.01,13.116666666666665,0,1,0,0,0
2008-09-07,74,55,65,-2,51,57,0,0,0.0,13.066666666666666,0,0,0,0,0
2008-09-08,67,52,60,-6,52,55,5,0,1.23,13.016666666666666,1,1,0,0,0
2008-09-09,69,49,59,-7,45,52,6,0,0.0,12.983333333333334,0,0,0,0,0
2008-09-10,72,48,60,-6,48,54,5,0,0.0,12.933333333333335,0,0,0,0,0
2008-09-11,79,55,67,2,57,61,0,2,0.01,12.883333333333333,1,1,0,0,0
2008-09-12,73,69,71,6,67,68,0,6,0.37,13.016666666666666,1,1,0,1,0
2008-09-13,75,68,72,7,69,70,0,7,6.64,12.966666666666667,1,1,0,0,0
2008-09-14,72,58,65,1,61,62,0,0,1.44,13.083333333333332,1,1,0,0,0
2008-09-15,63,53,58,-6,51,55,7,0,0.01,13.033333333333335,0,0,0,0,0
2008-09-16,71,49,60,-4,50,55,5,0,0.0,11.966666666666667,0,0,0,0,0
2008-09-17,82,57,70,6,56,60,0,5,0.0,12.083333333333332,0,0,0,0,0
2008-09-18,74,56,65,1,55,60,0,0,0.0,12.01666666666667,0,0,0,0,0
2008-09-19,77,54,66,3,54,59,0,1,0.0,11.983333333333333,0,0,0,0,0
2008-09-20,82,56,69,7,57,61,0,4,0.0,11.933333333333334,0,0,0,0,0
2008-09-21,80,58,69,7,61,64,0,4,0.0,11.883333333333333,0,1,1,0,1
2008-09-22,81,61,71,9,59,64,0,6,0.0,11.999999999999998,0,1,1,0,0
2008-09-23,82,59,71,10,57,62,0,6,0.0,12.133333333333333,0,0,0,0,0
2008-09-24,82,57,70,9,59,63,0,5,0.2,12.083333333333336,1,1,1,0,0
2008-09-25,77,63,70,9,61,64,0,5,0.0,12.033333333333333,0,1,1,0,0
2008-09-26,79,59,69,9,55,60,0,4,0.0,11.983333333333334,0,1,0,0,0
2008-09-27,81,53,67,7,54,60,0,2,0.0,11.95,0,1,0,0,0
2008-09-28,68,57,63,4,57,60,2,0,0.0,12.066666666666666,0,0,0,0,0
2008-09-29,64,54,59,0,55,57,6,0,0.82,12.016666666666667,1,1,0,0,0
2008-09-30,59,48,54,-5,44,49,11,0,0.0,11.966666666666665,0,0,0,0,0
2008-10-01,61,46,54,-4,40,47,11,0,0.0,11.933333333333334,0,0,0,0,0
2008-10-02,61,42,52,-6,40,47,13,0,0.0,11.883333333333335,0,0,0,0,0
2008-10-03,60,44,52,-5,42,47,13,0,0.01,12.0,1,0,0,0,0
2008-10-04,61,38,50,-7,38,45,15,0,0.0,12.116666666666665,0,0,0,0,0
2008-10-05,61,41,51,-6,43,48,14,0,0.06,12.066666666666666,1,0,0,0,0
2008-10-06,69,54,62,6,47,54,3,0,0.0,12.016666666666666,0,0,0,0,0
2008-10-07,63,56,60,4,52,56,5,0,0.8,11.983333333333334,1,1,0,0,0
2008-10-08,64,50,57,1,51,54,8,0,0.19,11.933333333333335,1,1,0,0,0
2008-10-09,69,47,58,3,38,49,7,0,0.0,11.883333333333333,0,0,0,0,0
2008-10-10,72,42,57,2,42,50,8,0,0.0,12.016666666666666,0,0,0,0,0
2008-10-11,79,51,65,11,50,57,0,0,0.0,11.966666666666667,0,0,0,0,0
2008-10-12,84,57,71,17,56,61,0,6,0.0,11.083333333333332,0,1,0,0,0
2008-10-13,77,61,69,16,58,63,0,4,0.0,11.033333333333333,0,0,0,0,0
2008-10-14,69,53,61,8,43,51,4,0,0.01,10.983333333333334,1,0,0,0,0
2008-10-15,63,47,55,2,50,53,10,0,0.3,10.95,1,1,0,0,0
2008-10-16,59,43,51,-1,38,44,14,0,0.0,11.066666666666666,0,0,0,0,0
2008-10-17,57,43,50,-2,39,44,15,0,0.0,11.016666666666667,0,0,0,0,0
2008-10-18,60,43,52,1,40,45,13,0,0.05,10.983333333333334,1,1,0,0,0
2008-10-19,62,40,51,0,37,45,14,0,0.0,10.933333333333334,0,0,0,0,0
2008-10-20,55,43,49,-1,42,46,16,0,0.18,11.05,1,1,0,0,0
2008-10-21,55,38,47,-3,35,42,18,0,0.0,11.0,0,0,0,0,0
2008-10-22,52,35,44,-6,30,40,21,0,0.0,9.966666666666667,0,0,0,0,0
2008-10-23,58,41,50,1,36,44,15,0,0.16,10.083333333333332,1,0,0,0,0
2008-10-24,54,44,49,0,44,47,16,0,0.32,10.05,1,1,0,0,0
2008-10-25,53,43,48,0,40,44,17,0,0.01,10.000000000000002,1,1,0,1,0
2008-10-26,56,37,47,-1,32,41,18,0,0.01,9.95,1,0,0,0,0
2008-10-27,47,33,40,-8,27,35,25,0,0.01,9.916666666666668,0,0,0,0,0
2008-10-28,45,31,38,-9,23,33,27,0,0.0,9.866666666666665,0,0,0,0,0
2008-10-29,51,32,42,-5,24,34,23,0,0.0,10.0,0,0,0,0,0
2008-10-30,62,31,47,1,32,41,18,0,0.0,10.116666666666665,0,0,0,0,0
2008-10-31,70,48,59,13,46,51,6,0,0.0,10.066666666666666,0,0,0,0,0
2009-05-01,60,46,53,0,40,47,12,0,0.02,14.016666666666666,1,0,0,0,0
2009-05-02,66,44,55,1,33,45,10,0,0.0,13.883333333333333,0,0,0,0,0
2009-05-03,70,43,57,3,34,47,8,0,0.0,13.916666666666666,0,0,0,0,0
2009-05-04,70,43,57,3,34,47,8,0,0.0,13.966666666666669,0,0,0,0,0
2009-05-05,71,49,60,5,40,50,5,0,0.0,14.0,0,0,0,0,0
2009-05-06,75,51,63,8,51,55,2,0,0.67,14.049999999999999,1,1,0,0,0
2009-05-07,77,56,67,12,52,57,0,2,0.19,14.083333333333336,1,1,1,0,0
2009-05-08,77,53,65,9,53,58,0,0,0.02,13.966666666666667,1,0,0,0,0
2009-05-09,63,46,55,-1,44,48,10,0,0.01,14.0,0,0,0,0,0
2009-05-10,67,40,54,-2,39,46,11,0,0.0,14.033333333333331,0,0,0,0,0
2009-05-11,61,39,50,-7,35,44,15,0,0.0,13.9,0,0,0,0,0
2009-05-12,71,39,55,-2,34,47,10,0,0.0,14.933333333333334,0,0,0,0,0
2009-05-13,70,53,62,4,56,58,3,0,0.55,14.966666666666669,1,1,0,0,0
2009-05-14,68,53,61,3,44,52,4,0,0.0,15.0,0,0,0,0,0
2009-05-15,61,52,57,-1,51,54,8,0,0.39,15.033333333333333,1,1,0,0,0
2009-05-16,62,45,54,-5,40,49,11,0,0.0,15.066666666666666,0,1,0,0,0
2009-05-17,63,39,51,-8,27,42,14,0,0.0,15.100000000000001,0,0,0,0,0
2009-05-18,66,40,53,-7,33,45,12,0,0.01,14.966666666666667,0,0,0,0,0
2009-05-19,80,52,66,6,44,55,0,1,0.0,15.0,0,0,0,0,0
2009-05-20,84,61,73,12,44,57,0,8,0.0,15.033333333333331,0,0,0,0,0
2009-05-21,84,60,72,11,49,59,0,7,0.0,14.9,0,0,0,0,0
2009-05-22,69,53,61,0,46,53,4,0,0.0,14.933333333333334,0,0,0,0,0
2009-05-23,80,50,65,4,50,57,0,0,0.0,14.950000000000003,0,0,0,0,0
2009-05-24,71,55,63,1,46,53,2,0,0.0,14.983333333333334,0,0,0,0,0
2009-05-25,67,54,61,-1,43,51,4,0,0.04,15.016666666666666,1,0,0,1,0
2009-05-26,74,53,64,2,51,55,1,0,1.73,15.049999999999999,1,1,0,0,0
2009-05-27,73,55,64,2,58,60,1,0,0.02,15.066666666666668,0,1,1,1,0
2009-05-28,62,54,58,-5,51,54,7,0,0.0,15.083333333333336,0,0,0,0,0
2009-05-29,74,50,62,-2,49,55,3,0,0.01,15.100000000000001,0,0,0,0,0
2009-05-30,79,50,65,1,46,54,0,0,0.01,15.133333333333333,1,0,0,0,0
2009-05-31,73,45,59,-5,41,50,6,0,0.0,15.149999999999999,0,0,0,0,0
2009-06-01,78,51,65,1,53,57,0,0,0.44,14.85,1,0,0,0,0
2009-06-02,60,48,54,-10,46,50,11,0,0.12,14.85,1,1,0,0,0
2009-06-03,61,43,52,-12,39,46,13,0,0.0,14.883333333333333,0,0,0,0,0
2009-06-04,68,42,55,-9,37,48,10,0,0.0,14.900000000000002,0,0,0,0,0
2009-06-05,79,44,62,-3,44,54,3,0,0.0,14.933333333333334,0,0,0,0,0
2009-06-06,63,51,57,-9,45,50,8,0,0.02,14.933333333333334,0,0,0,0,0
2009-06-07,73,52,63,-3,53,57,2,0,0.04,14.95,0,1,0,0,0
2009-06-08,80,52,66,0,60,63,0,1,0.45,14.966666666666665,1,1,0,0,0
2009-06-09,67,55,61,-5,53,56,4,0,0.01,14.983333333333333,0,1,0,1,0
2009-06-10,67,54,61,-6,49,53,4,0,0.01,15.000000000000002,1,0,0,0,0
2009-06-11,64,53,59,-8,51,54,6,0,0.01,15.000000000000002,1,0,1,0,0
2009-06-12,74,49,62,-6,49,55,3,0,0.01,15.016666666666667,1,0,0,0,0
2009-06-13,68,54,61,-7,51,55,4,0,0.33,15.016666666666667,1,1,0,0,0
2009-06-14,77,51,64,-4,48,57,1,0,0.0,15.033333333333333,0,0,0,0,0
2009-06-15,81,53,67,-1,49,58,0,2,0.0,15.033333333333333,0,0,0,0,0
2009-06-16,71,59,65,-4,55,60,0,0,1.23,15.049999999999999,1,1,0,0,0
2009-06-17,71,61,66,-3,59,62,0,1,0.0,15.049999999999999,0,1,1,0,0
2009-06-18,80,61,71,1,63,67,0,6,0.12,15.049999999999999,1,1,0,0,0
2009-06-19,86,65,76,6,67,69,0,11,3.97,14.9,1,1,0,0,0
2009-06-20,87,68,78,8,65,70,0,13,0.0,14.9,0,0,0,0,0
2009-06-21,84,70,77,7,63,68,0,12,0.01,14.9,0,0,0,0,0
2009-06-22,89,68,79,9,67,71,0,14,0.09,14.899999999999999,1,0,0,0,0
2009-06-23,94,71,83,13,69,73,0,18,0.0,14.899999999999999,0,0,0,0,0
2009-06-24,94,75,85,14,68,73,0,20,0.04,14.899999999999999,1,0,0,0,0
2009-06-25,94,75,85,14,69,73,0,20,0.01,14.899999999999999,0,0,0,0,0
2009-06-26,86,69,78,7,60,67,0,13,0.0,14.883333333333333,0,0,0,0,0
2009-06-27,89,62,76,5,61,67,0,11,0.3,14.883333333333333,1,0,0,0,0
2009-06-28,83,66,75,4,53,62,0,10,0.0,14.866666666666665,0,0,0,0,0
2009-06-29,77,63,70,-1,54,61,0,5,0.0,14.866666666666665,0,0,0,0,0
2009-06-30,66,59,63,-9,53,57,2,0,0.0,14.866666666666665,0,0,0,0,0
2009-07-01,65,57,61,-11,52,56,4,0,0.01,15.016666666666666,1,0,0,1,0
2009-07-02,73,59,66,-6,54,60,0,1,0.0,15.016666666666666,0,0,0,0,0
2009-07-03,79,63,71,-1,56,62,0,6,0.0,15.0,0,0,0,0,0
2009-07-04,69,59,64,-8,58,61,1,0,0.2,14.966666666666667,1,1,0,0,0
2009-07-05,81,57,69,-3,58,63,0,4,0.05,14.966666666666667,1,1,1,0,0
2009-07-06,86,60,73,1,54,62,0,8,0.0,14.95,0,0,0,0,0
2009-07-07,77,59,68,-4,54,60,0,3,0.01,14.95,1,0,0,0,0
2009-07-08,65,61,63,-10,56,59,2,0,0.06,15.083333333333332,1,0,0,0,0
2009-07-09,79,59,69,-4,57,63,0,4,0.0,15.066666666666666,0,0,0,0,0
2009-07-10,82,63,73,0,64,67,0,8,0.08,15.066666666666666,1,1,0,0,0
2009-07-11,85,63,74,1,59,65,0,9,0.25,15.033333333333333,1,1,1,0,0
2009-07-12,82,58,70,-3,51,60,0,5,0.0,15.016666666666666,0,0,0,0,0
2009-07-13,79,61,70,-3,46,57,0,5,0.0,14.983333333333334,0,0,0,0,0
2009-07-14,80,55,68,-5,51,59,0,3,0.0,14.983333333333334,0,0,0,0,0
2009-07-15,85,65,75,1,62,67,0,10,0.68,14.950000000000001,0,1,0,0,0
2009-07-16,80,64,72,-2,56,62,0,7,0.01,15.083333333333332,0,0,0,0,0
2009-07-17,70,57,64,-10,51,56,1,0,0.0,15.066666666666666,0,0,0,0,0
2009-07-18,72,57,65,-9,52,57,0,0,0.0,15.033333333333333,0,0,0,0,0
2009-07-19,71,57,64,-10,52,58,1,0,0.0,15.0,0,0,0,0,0
2009-07-20,76,55,66,-8,55,60,0,1,0.0,15.0,0,0,0,0,0
2009-07-21,80,58,69,-5,57,62,0,4,0.04,14.966666666666669,1,0,0,1,0
2009-07-22,78,63,71,-3,61,64,0,6,0.01,14.933333333333334,0,1,1,0,0
2009-07-23,82,62,72,-2,58,63,0,7,0.0,14.9,0,1,1,0,0
2009-07-24,83,61,72,-2,59,64,0,7,0.14,15.033333333333331,1,0,0,0,0
2009-07-25,81,66,74,0,58,64,0,9,0.0,15.0,0,0,0,0,0
2009-07-26,82,63,73,-1,58,64,0,8,0.01,14.983333333333333,1,0,0,0,0
2009-07-27,84,64,74,0,61,66,0,9,0.02,15.116666666666667,1,0,0,0,0
2009-07-28,84,66,75,1,60,66,0,10,0.01,15.083333333333336,1,0,0,0,0
2009-07-29,81,62,72,-2,51,59,0,7,0.0,15.049999999999999,0,0,0,0,0
2009-07-30,79,59,69,-5,57,62,0,4,0.01,15.016666666666666,0,0,0,0,0
2009-07-31,81,58,70,-4,54,61,0,5,0.0,14.983333333333334,0,0,0,0,0
2009-08-01,75,61,68,-5,59,62,0,3,0.01,14.933333333333334,1,0,0,0,0
2009-08-02,78,57,68,-5,51,59,0,3,0.0,14.9,0,0,0,0,0
2009-08-03,84,67,76,3,60,66,0,11,0.07,15.033333333333331,0,0,0,0,0
2009-08-04,85,67,76,3,61,67,0,11,0.0,15.0,0,1,0,0,0
2009-08-05,79,61,70,-3,54,61,0,5,0.0,14.966666666666667,0,0,0,0,0
2009-08-06,82,60,71,-2,51,60,0,6,0.0,15.100000000000001,0,0,0,0,0
2009-08-07,74,64,69,-4,59,63,0,4,0.33,15.05,1,1,0,0,0
2009-08-08,89,68,79,6,70,73,0,14,0.02,15.016666666666667,1,1,0,0,0
2009-08-09,91,77,84,11,71,74,0,19,0.18,14.983333333333334,0,0,0,0,0
2009-08-10,85,70,78,5,65,69,0,13,0.0,14.933333333333334,0,0,0,0,0
2009-08-11,82,62,72,-1,61,66,0,7,0.0,14.066666666666666,0,0,0,0,0
2009-08-12,83,60,72,-1,55,62,0,7,0.0,14.033333333333333,0,0,0,0,0
2009-08-13,86,60,73,0,55,63,0,8,0.0,13.983333333333334,0,0,0,0,0
2009-08-14,88,63,76,4,59,66,0,11,0.0,13.95,0,0,0,0,0
2009-08-15,89,67,78,6,61,67,0,13,0.0,13.916666666666666,0,0,0,0,0
2009-08-16,88,70,79,7,67,70,0,14,0.63,13.033333333333335,1,0,0,0,0
2009-08-17,83,70,77,5,68,70,0,12,0.33,13.0,1,1,0,0,0
2009-08-18,83,65,74,2,59,65,0,9,0.0,13.116666666666665,0,0,0,0,0
2009-08-19,83,59,71,0,60,65,0,6,0.35,13.083333333333332,1,0,0,0,0
2009-08-20,78,64,71,0,61,65,0,6,0.07,13.033333333333335,1,0,0,0,0
2009-08-21,73,59,66,-5,58,61,0,1,0.16,13.0,1,0,0,0,0
2009-08-22,68,57,63,-8,52,56,2,0,0.0,12.950000000000001,0,0,0,0,0
2009-08-23,74,56,65,-6,53,58,0,0,0.0,12.900000000000002,0,0,0,0,0
2009-08-24,79,54,67,-4,56,61,0,2,0.0,12.85,0,0,0,0,0
2009-08-25,83,59,71,1,61,65,0,6,0.0,13.149999999999999,0,0,0,0,0
2009-08-26,73,62,68,-2,62,64,0,3,0.93,13.100000000000001,1,1,0,0,0
2009-08-27,67,61,64,-6,60,61,1,0,0.95,13.049999999999999,1,1,0,0,0
2009-08-28,68,60,64,-6,61,62,1,0,0.22,13.016666666666666,1,1,0,0,0
2009-08-29,69,56,63,-7,51,56,2,0,0.02,12.966666666666669,1,1,0,1,0
2009-08-30,66,51,59,-11,47,52,6,0,0.0,12.933333333333334,0,0,0,0,0
2009-08-31,68,49,59,-10,44,52,6,0,0.0,13.049999999999999,0,0,0,0,0
2009-09-01,72,47,60,-8,47,53,5,0,0.0,13.0,0,0,0,0,0
2009-09-02,73,50,62,-6,50,56,3,0,0.0,12.966666666666669,0,0,0,0,0
2009-09-03,75,56,66,-2,54,59,0,1,0.0,12.916666666666666,0,0,0,0,0
2009-09-04,75,54,65,-3,54,59,0,0,0.0,13.033333333333335,0,1,0,0,0
2009-09-05,78,54,66,-1,57,61,0,1,0.0,13.0,0,1,1,0,0
2009-09-06,77,61,69,2,59,63,0,4,0.03,13.116666666666665,1,1,1,0,0
2009-09-07,77,59,68,1,59,62,0,3,0.0,13.066666666666666,0,1,0,0,0
2009-09-08,78,60,69,3,60,63,0,4,0.0,13.016666666666666,0,0,0,0,0
2009-09-09,78,65,72,6,63,65,0,7,0.0,12.983333333333334,0,1,1,0,0
2009-09-10,81,64,73,7,62,65,0,8,0.0,12.933333333333335,0,1,1,0,0
2009-09-11,80,61,71,6,59,63,0,6,0.0,12.883333333333333,0,1,0,0,0
2009-09-12,79,58,69,4,60,63,0,4,0.0,13.016666666666666,0,1,0,0,1
2009-09-13,80,58,69,4,54,60,0,4,0.0,12.966666666666667,0,1,0,0,1
2009-09-14,84,58,71,7,55,61,0,6,0.0,13.083333333333332,0,0,0,0,0
2009-09-15,82,64,73,9,59,63,0,8,0.0,13.033333333333335,0,0,0,0,0
2009-09-16,71,59,65,1,54,59,0,0,0.0,11.966666666666667,0,0,0,0,0
2009-09-17,72,50,61,-3,52,56,4,0,0.0,12.083333333333332,0,0,0,0,0
2009-09-18,79,50,65,1,55,59,0,0,0.0,12.01666666666667,0,1,0,0,0
2009-09-19,76,55,66,3,55,59,0,1,0.0,11.983333333333333,0,0,0,0,0
2009-09-20,73,54,64,2,56,60,1,0,0.75,11.933333333333334,1,1,0,1,0
2009-09-21,67,60,64,2,59,61,1,0,0.01,11.883333333333333,0,1,1,1,0
2009-09-22,77,59,68,6,65,67,0,3,0.0,11.999999999999998,0,1,1,0,0
2009-09-23,76,62,69,8,62,64,0,4,0.0,12.133333333333333,0,1,0,0,0
2009-09-24,73,64,69,8,63,65,0,4,0.0,12.083333333333336,0,1,0,0,0
2009-09-25,70,60,65,4,57,60,0,0,0.16,12.033333333333333,1,1,0,1,0
2009-09-26,69,55,62,2,56,59,3,0,0.0,11.983333333333334,0,1,0,0,0
2009-09-27,74,50,62,2,53,57,3,0,0.08,11.95,1,1,0,0,1
2009-09-28,62,49,56,-3,42,49,9,0,0.01,12.066666666666666,1,0,0,0,0
2009-09-29,60,48,54,-5,42,48,11,0,0.0,12.016666666666667,0,0,0,0,0
2009-09-30,62,47,55,-4,40,47,10,0,0.0,11.966666666666665,0,0,0,0,0
2009-10-01,59,41,50,-8,46,49,15,0,0.89,11.933333333333334,1,1,0,0,0
2009-10-02,56,47,52,-6,46,48,13,0,0.21,11.883333333333335,1,1,0,0,0
2009-10-03,57,47,52,-5,47,49,13,0,0.11,12.0,1,1,0,1,0
2009-10-04,60,45,53,-4,43,47,12,0,0.01,12.116666666666665,0,0,0,0,0
2009-10-05,62,43,53,-4,42,47,12,0,0.0,12.066666666666666,0,0,0,0,0
2009-10-06,61,49,55,-1,47,51,10,0,0.03,12.016666666666666,1,1,0,1,0
2009-10-07,60,45,53,-3,39,46,12,0,0.0,11.983333333333334,0,0,0,0,0
2009-10-08,53,45,49,-7,46,48,16,0,0.12,11.933333333333335,1,1,0,1,0
2009-10-09,52,39,46,-9,43,45,19,0,0.46,11.883333333333333,1,1,0,0,0
2009-10-10,48,31,40,-15,30,35,25,0,0.0,12.016666666666666,0,0,0,0,0
2009-10-11,44,29,37,-17,22,32,28,0,0.0,11.966666666666667,0,0,0,0,0
2009-10-12,48,41,45,-9,36,41,20,0,0.02,11.083333333333332,1,1,0,1,0
2009-10-13,47,34,41,-12,32,38,24,0,0.0,11.033333333333333,0,0,0,0,0
2009-10-14,48,42,45,-8,36,41,20,0,0.03,10.983333333333334,1,1,0,1,0
2009-10-15,44,41,43,-10,38,40,22,0,0.29,10.95,1,1,0,1,0
2009-10-16,45,39,42,-10,36,39,23,0,0.04,11.066666666666666,1,0,0,0,0
2009-10-17,52,36,44,-8,33,39,21,0,0.01,11.016666666666667,0,0,0,1,0
2009-10-18,53,31,42,-9,33,39,23,0,0.0,10.983333333333334,0,0,0,0,0
2009-10-19,65,44,55,4,41,47,10,0,0.0,10.933333333333334,0,0,0,0,0
2009-10-20,62,48,55,5,48,52,10,0,0.03,11.05,1,0,0,0,0
2009-10-21,69,55,62,12,52,56,3,0,0.01,11.0,1,0,0,0,0
2009-10-22,58,48,53,3,48,50,12,0,1.03,9.966666666666667,1,1,0,0,0
2009-10-23,61,42,52,3,49,50,13,0,0.89,10.083333333333332,1,1,0,1,0
2009-10-24,50,38,44,-5,37,40,21,0,0.04,10.05,1,1,0,1,0
2009-10-25,62,44,53,5,45,49,12,0,0.27,10.000000000000002,1,1,0,0,0
2009-10-26,55,49,52,4,48,49,13,0,0.11,9.95,1,1,0,0,0
2009-10-27,51,45,48,0,45,47,17,0,0.06,9.916666666666668,1,1,0,0,0
2009-10-28,57,50,54,7,49,51,11,0,0.0,9.866666666666665,0,1,1,0,0
2009-10-29,60,47,54,7,50,52,11,0,0.6,10.0,1,1,1,0,0
2009-10-30,67,46,57,11,53,56,8,0,0.81,10.116666666666665,1,1,0,1,0
2009-10-31,46,35,41,-5,31,38,24,0,0.01,10.066666666666666,0,0,0,0,0
2010-05-01,70,58,64,11,53,58,1,0,0.11,14.016666666666666,1,1,0,0,0
2010-05-02,69,53,61,7,52,56,4,0,0.93,13.883333333333333,1,1,0,0,0
2010-05-03,72,50,61,7,45,53,4,0,0.0,13.916666666666666,0,0,0,0,0
2010-05-04,79,50,65,11,44,54,0,0,0.0,13.966666666666669,0,0,0,0,0
2010-05-05,72,56,64,9,37,51,1,0,0.01,14.0,0,0,0,0,0
2010-05-06,63,46,55,0,39,46,10,0,0.01,14.049999999999999,1,0,0,0,0
2010-05-07,59,45,52,-3,46,48,13,0,0.72,14.083333333333336,1,1,0,0,0
2010-05-08,50,42,46,-10,35,41,19,0,0.02,13.966666666666667,1,0,0,0,0
2010-05-09,58,38,48,-8,29,40,17,0,0.0,14.0,0,0,0,0,0
2010-05-10,58,41,50,-6,31,42,15,0,0.01,14.033333333333331,1,0,0,0,0
2010-05-11,52,44,48,-9,46,47,17,0,0.97,13.9,1,1,0,1,0
2010-05-12,51,44,48,-9,45,46,17,0,0.12,14.933333333333334,1,1,0,0,1
2010-05-13,73,48,61,3,53,55,4,0,1.49,14.966666666666669,1,1,0,0,0
2010-05-14,66,47,57,-1,44,50,8,0,0.0,15.0,0,0,0,0,0
2010-05-15,61,43,52,-6,42,48,13,0,0.0,15.033333333333333,0,0,0,0,0
2010-05-16,66,41,54,-5,43,49,11,0,0.0,15.066666666666666,0,0,0,0,0
2010-05-17,58,50,54,-5,42,48,11,0,0.01,15.100000000000001,1,0,0,0,0
2010-05-18,65,46,56,-4,40,48,9,0,0.0,14.966666666666667,0,0,0,0,0
2010-05-19,74,44,59,-1,39,51,6,0,0.0,15.0,0,0,0,0,0
2010-05-20,74,47,61,0,49,55,4,0,0.05,15.033333333333331,1,0,0,0,0
2010-05-21,73,56,65,4,58,60,0,0,0.21,14.9,1,1,1,1,0
2010-05-22,74,58,66,5,59,61,0,1,0.0,14.933333333333334,0,1,1,0,1
2010-05-23,89,62,76,15,66,69,0,11,0.0,14.950000000000003,0,0,0,0,0
2010-05-24,91,70,81,19,67,72,0,16,0.0,14.983333333333334,0,0,0,0,0
2010-05-25,88,69,79,17,62,68,0,14,0.0,15.016666666666666,0,0,0,0,0
2010-05-26,87,66,77,15,63,68,0,12,0.01,15.049999999999999,0,0,0,0,0
2010-05-27,77,61,69,7,50,59,0,4,0.0,15.066666666666668,0,0,0,0,0
2010-05-28,79,57,68,5,50,58,0,3,0.0,15.083333333333336,0,0,0,0,0
2010-05-29,86,59,73,9,57,63,0,8,0.0,15.100000000000001,0,0,0,0,0
2010-05-30,91,61,76,12,59,66,0,11,0.0,15.133333333333333,0,0,0,0,0
2010-05-31,81,66,74,10,64,67,0,9,0.26,15.149999999999999,1,1,0,0,0
2010-06-01,85,63,74,10,62,67,0,9,0.0,14.85,0,1,1,0,0
2010-06-02,77,57,67,3,61,64,0,2,1.02,14.85,1,1,0,0,0
2010-06-03,71,56,64,0,46,55,1,0,0.0,14.883333333333333,0,0,0,0,0
2010-06-04,83,57,70,6,60,65,0,5,0.0,14.900000000000002,0,0,0,0,0
2010-06-05,79,60,70,5,65,67,0,5,0.15,14.933333333333334,1,1,0,0,0
2010-06-06,76,55,66,0,55,59,0,1,0.01,14.933333333333334,1,0,0,0,0
2010-06-07,70,54,62,-4,49,55,3,0,0.0,14.95,0,0,0,0,0
2010-06-08,67,58,63,-3,57,59,2,0,0.45,14.966666666666665,1,1,0,0,0
2010-06-09,83,65,74,8,56,63,0,9,0.0,14.983333333333333,0,1,0,0,0
2010-06-10,77,58,68,1,54,60,0,3,0.0,15.000000000000002,0,0,0,0,0
2010-06-11,89,64,77,10,67,71,0,12,0.02,15.000000000000002,1,0,0,0,0
2010-06-12,77,62,70,2,63,65,0,5,0.34,15.016666666666667,1,1,0,0,0
2010-06-13,71,62,67,-1,62,64,0,2,0.25,15.016666666666667,1,1,0,0,0
2010-06-14,70,60,65,-3,61,62,0,0,0.01,15.033333333333333,1,1,0,0,0
2010-06-15,79,60,70,2,66,67,0,5,0.59,15.033333333333333,1,1,0,0,0
2010-06-16,82,63,73,4,61,65,0,8,0.0,15.049999999999999,0,0,0,0,0
2010-06-17,84,64,74,5,62,67,0,9,0.0,15.049999999999999,0,0,0,0,0
2010-06-18,90,67,79,9,66,69,0,14,0.87,15.049999999999999,1,1,0,0,0
2010-06-19,85,66,76,6,61,66,0,11,0.0,14.9,0,0,0,0,0
2010-06-20,81,64,73,3,61,65,0,8,0.01,14.9,0,0,0,0,0
2010-06-21,85,67,76,6,66,69,0,11,0.22,14.9,1,1,0,0,0
2010-06-22,85,69,77,7,68,71,0,12,0.0,14.899999999999999,0,0,0,0,0
2010-06-23,87,69,78,8,70,71,0,13,0.87,14.899999999999999,1,1,0,0,0
2010-06-24,84,65,75,4,60,65,0,10,0.0,14.899999999999999,0,0,0,0,0
2010-06-25,84,62,73,2,62,67,0,8,0.0,14.899999999999999,0,0,0,0,0
2010-06-26,87,69,78,7,66,70,0,13,0.85,14.883333333333333,1,0,0,0,0
2010-06-27,85,72,79,8,70,73,0,14,0.54,14.883333333333333,0,0,0,0,0
2010-06-28,82,63,73,2,59,65,0,8,0.0,14.866666666666665,0,0,0,0,0
2010-06-29,75,59,67,-4,53,59,0,2,0.0,14.866666666666665,0,0,0,0,0
2010-06-30,75,56,66,-6,50,57,0,1,0.0,14.866666666666665,0,0,0,0,0
2010-07-01,77,55,66,-6,48,57,0,1,0.0,15.016666666666666,0,0,0,0,0
2010-07-02,83,59,71,-1,53,61,0,6,0.0,15.016666666666666,0,0,0,0,0
2010-07-03,87,60,74,2,56,63,0,9,0.0,15.0,0,0,0,0,0
2010-07-04,91,68,80,8,66,71,0,15,0.0,14.966666666666667,0,0,0,0,0
2010-07-05,91,78,85,13,64,71,0,20,0.0,14.966666666666667,0,0,0,0,0
2010-07-06,90,73,82,10,69,73,0,17,0.37,14.95,1,0,0,0,0
2010-07-07,93,71,82,10,70,73,0,17,0.2,14.95,0,1,0,0,0
2010-07-08,88,73,81,8,70,73,0,16,0.16,15.083333333333332,1,1,0,0,0
2010-07-09,88,70,79,6,59,67,0,14,0.01,15.066666666666666,0,0,0,0,0
2010-07-10,89,69,79,6,61,68,0,14,0.0,15.066666666666666,0,0,0,0,0
2010-07-11,85,66,76,3,63,67,0,11,0.79,15.033333333333333,1,1,0,0,0
2010-07-12,84,65,75,2,65,68,0,10,0.01,15.016666666666666,0,1,0,0,0
2010-07-13,84,70,77,4,65,69,0,12,0.17,14.983333333333334,0,0,0,0,0
2010-07-14,90,70,80,7,71,74,0,15,0.0,14.983333333333334,0,1,0,0,0
2010-07-15,90,71,81,7,69,73,0,16,0.01,14.950000000000001,0,0,0,0,0
2010-07-16,90,67,79,5,62,68,0,14,0.0,15.083333333333332,0,0,0,0,0
2010-07-17,93,71,82,8,63,70,0,17,0.0,15.066666666666666,0,0,0,0,0
2010-07-18,92,72,82,8,69,73,0,17,0.01,15.033333333333333,0,0,0,0,0
2010-07-19,84,69,77,3,66,70,0,12,0.01,15.0,1,0,0,0,0
2010-07-20,86,68,77,3,68,70,0,12,0.01,15.0,0,0,0,0,0
2010-07-21,91,72,82,8,65,70,0,17,0.0,14.966666666666669,0,0,0,0,0
2010-07-22,90,69,80,6,71,74,0,15,0.01,14.933333333333334,0,0,0,0,0
2010-07-23,94,70,82,8,71,74,0,17,2.79,14.9,1,1,0,0,0
2010-07-24,87,69,78,4,71,73,0,13,3.64,15.033333333333331,1,1,0,0,0
2010-07-25,81,66,74,0,59,65,0,9,0.0,15.0,0,0,0,0,0
2010-07-26,84,61,73,-1,62,67,0,8,0.0,14.983333333333333,0,0,0,0,0
2010-07-27,88,68,78,4,67,71,0,13,0.0,15.116666666666667,0,0,0,0,0
2010-07-28,88,73,81,7,71,74,0,16,0.0,15.083333333333336,0,1,0,0,0
2010-07-29,82,67,75,1,58,65,0,10,0.0,15.049999999999999,0,0,0,0,0
2010-07-30,80,69,75,1,60,65,0,10,0.01,15.016666666666666,1,0,0,0,0
2010-07-31,80,65,73,-1,64,67,0,8,0.68,14.983333333333334,1,1,0,0,0
2010-08-01,86,65,76,3,65,68,0,11,0.0,14.933333333333334,0,1,1,0,0
2010-08-02,84,67,76,3,67,70,0,11,0.01,14.9,1,1,0,0,0
2010-08-03,86,66,76,3,71,73,0,11,0.28,15.033333333333331,1,1,0,0,0
2010-08-04,83,71,77,4,72,73,0,12,0.48,15.0,1,1,0,0,0
2010-08-05,83,68,76,3,62,67,0,11,0.0,14.966666666666667,0,0,0,0,0
2010-08-06,82,64,73,0,59,64,0,8,0.0,15.100000000000001,0,0,0,0,0
2010-08-07,83,62,73,0,64,68,0,8,0.0,15.05,0,0,0,0,0
2010-08-08,87,69,78,5,67,70,0,13,0.08,15.016666666666667,1,1,0,0,0
2010-08-09,88,72,80,7,71,74,0,15,0.15,14.983333333333334,0,0,0,0,0
2010-08-10,89,75,82,9,71,74,0,17,0.0,14.933333333333334,0,0,0,0,0
2010-08-11,90,75,83,10,70,74,0,18,0.0,14.066666666666666,0,1,0,0,0
2010-08-12,92,74,83,10,70,74,0,18,0.0,14.033333333333333,0,0,0,0,0
2010-08-13,92,73,83,10,70,74,0,18,0.25,13.983333333333334,0,1,0,0,0
2010-08-14,88,72,80,8,69,73,0,15,0.01,13.95,0,0,0,0,0
2010-08-15,83,66,75,3,62,67,0,10,0.0,13.916666666666666,0,0,0,0,0
2010-08-16,80,63,72,0,54,62,0,7,0.0,13.033333333333335,0,0,0,0,0
2010-08-17,79,64,72,0,57,63,0,7,0.03,13.0,1,0,0,0,0
2010-08-18,84,63,74,2,61,66,0,9,0.05,13.116666666666665,1,0,0,0,0
2010-08-19,88,66,77,6,65,69,0,12,0.0,13.083333333333332,0,0,0,0,0
2010-08-20,92,71,82,11,68,72,0,17,0.03,13.033333333333335,1,0,0,0,0
2010-08-21,86,71,79,8,69,72,0,14,0.45,13.0,1,1,0,0,0
2010-08-22,81,68,75,4,64,67,0,10,0.0,12.950000000000001,0,0,0,0,0
2010-08-23,80,65,73,2,63,67,0,8,0.0,12.900000000000002,0,0,0,0,0
2010-08-24,84,64,74,3,62,66,0,9,0.01,12.85,0,0,0,0,0
2010-08-25,79,61,70,0,51,59,0,5,0.0,13.149999999999999,0,0,0,0,0
2010-08-26,79,59,69,-1,52,59,0,4,0.0,13.100000000000001,0,0,0,0,0
2010-08-27,86,59,73,3,56,63,0,8,0.0,13.049999999999999,0,0,0,0,0
2010-08-28,88,65,77,7,54,63,0,12,0.0,13.016666666666666,0,0,0,0,0
2010-08-29,94,71,83,13,66,71,0,18,0.0,12.966666666666669,0,0,0,0,0
2010-08-30,88,74,81,11,67,72,0,16,0.0,12.933333333333334,0,0,0,0,0
2010-08-31,93,75,84,15,68,73,0,19,0.0,13.049999999999999,0,0,0,0,0
2010-09-01,81,71,76,8,68,70,0,11,0.17,13.0,1,0,0,0,0
2010-09-02,83,65,74,6,68,70,0,9,1.55,12.966666666666669,1,1,0,0,0
2010-09-03,70,56,63,-5,52,57,2,0,0.01,12.916666666666666,0,0,0,0,0
2010-09-04,68,51,60,-8,44,51,5,0,0.01,13.033333333333335,0,0,0,0,0
2010-09-05,76,49,63,-4,50,56,2,0,0.01,13.0,1,0,0,0,0
2010-09-06,82,66,74,7,52,61,0,9,0.01,13.116666666666665,0,0,0,0,0
2010-09-07,77,58,68,1,49,58,0,3,0.0,13.066666666666666,0,0,0,0,0
2010-09-08,71,51,61,-5,48,54,4,0,0.0,13.016666666666666,0,0,0,0,0
2010-09-09,67,50,59,-7,49,54,6,0,0.0,12.983333333333334,0,0,0,0,0
2010-09-10,72,55,64,-2,51,58,1,0,0.0,12.933333333333335,0,0,0,0,0
2010-09-11,75,58,67,2,55,59,0,2,0.24,12.883333333333333,1,1,0,0,0
2010-09-12,83,54,69,4,51,59,0,4,0.0,13.016666666666666,0,0,0,0,0
2010-09-13,82,57,70,5,50,59,0,5,0.0,12.966666666666667,0,0,0,0,0
2010-09-14,77,54,66,2,49,57,0,1,0.0,13.083333333333332,0,0,0,0,0
2010-09-15,75,59,67,3,54,60,0,2,0.01,13.033333333333335,0,0,0,0,0
2010-09-16,69,53,61,-3,56,59,4,0,0.16,11.966666666666667,1,0,0,0,0
2010-09-17,74,49,62,-2,50,56,3,0,0.0,12.083333333333332,0,0,0,0,0
2010-09-18,65,58,62,-2,55,58,3,0,0.35,12.01666666666667,1,1,0,0,0
2010-09-19,67,55,61,-2,49,55,4,0,0.01,11.983333333333333,1,0,0,0,0
2010-09-20,75,62,69,7,60,63,0,4,0.01,11.933333333333334,0,0,0,0,0
2010-09-21,88,68,78,16,64,68,0,13,0.05,11.883333333333333,1,0,0,0,0
2010-09-22,74,63,69,7,61,63,0,4,0.0,11.999999999999998,0,0,0,0,0
2010-09-23,89,65,77,16,62,68,0,12,0.0,12.133333333333333,0,0,0,0,0
2010-09-24,80,56,68,7,54,59,0,3,0.26,12.083333333333336,1,1,0,0,0
2010-09-25,60,52,56,-5,43,49,9,0,0.0,12.033333333333333,0,0,0,0,0
2010-09-26,60,50,55,-5,45,49,10,0,0.01,11.983333333333334,1,0,0,0,0
2010-09-27,65,48,57,-3,45,50,8,0,0.0,11.95,0,0,0,0,0
2010-09-28,71,46,59,0,45,52,6,0,0.0,12.066666666666666,0,0,0,0,0
2010-09-29,75,52,64,5,48,55,1,0,0.0,12.016666666666667,0,0,0,0,0
2010-09-30,74,52,63,4,49,55,2,0,0.0,11.966666666666665,0,0,0,0,0
2010-10-01,73,48,61,3,44,52,4,0,0.08,11.933333333333334,1,1,0,0,0
2010-10-02,57,45,51,-7,41,46,14,0,0.26,11.883333333333335,1,0,0,0,0
2010-10-03,56,42,49,-8,39,44,16,0,0.08,12.0,1,0,0,0,0
2010-10-04,60,38,49,-8,39,45,16,0,0.0,12.116666666666665,0,0,0,0,0
2010-10-05,68,39,54,-3,38,46,11,0,0.0,12.066666666666666,0,0,0,0,0
2010-10-06,78,46,62,6,44,53,3,0,0.0,12.016666666666666,0,0,0,0,0
2010-10-07,76,49,63,7,39,50,2,0,0.0,11.983333333333334,0,0,0,0,0
2010-10-08,79,48,64,8,40,52,1,0,0.0,11.933333333333335,0,0,0,0,0
2010-10-09,86,55,71,16,52,59,0,6,0.0,11.883333333333333,0,0,0,0,0
2010-10-10,84,57,71,16,50,59,0,6,0.0,12.016666666666666,0,0,0,0,0
2010-10-11,82,54,68,14,52,58,0,3,0.0,11.966666666666667,0,0,0,0,0
2010-10-12,76,52,64,10,54,58,1,0,0.0,11.083333333333332,0,0,0,0,0
2010-10-13,66,47,57,4,46,52,8,0,0.1,11.033333333333333,1,0,0,0,0
2010-10-14,66,43,55,2,32,45,10,0,0.0,10.983333333333334,0,0,0,0,0
2010-10-15,63,44,54,1,41,47,11,0,0.0,10.95,0,0,0,0,0
2010-10-16,71,40,56,4,39,48,9,0,0.0,11.066666666666666,0,1,0,0,0
2010-10-17,65,47,56,4,36,46,9,0,0.0,11.016666666666667,0,0,0,0,0
2010-10-18,61,43,52,1,40,47,13,0,0.0,10.983333333333334,0,0,0,0,0
2010-10-19,60,39,50,-1,35,43,15,0,0.0,10.933333333333334,0,0,0,0,0
2010-10-20,70,44,57,7,35,46,8,0,0.01,11.05,0,0,0,0,0
2010-10-21,56,38,47,-3,30,40,18,0,0.0,11.0,0,0,0,0,0
2010-10-22,64,33,49,-1,31,42,16,0,0.02,9.966666666666667,0,0,0,0,0
2010-10-23,65,54,60,11,47,53,5,0,0.1,10.083333333333332,1,1,0,0,0
2010-10-24,72,54,63,14,53,57,2,0,0.05,10.05,1,1,0,0,0
2010-10-25,72,56,64,16,56,60,1,0,0.0,10.000000000000002,0,1,0,0,0
2010-10-26,70,54,62,14,47,53,3,0,0.24,9.95,1,1,0,0,0
2010-10-27,65,43,54,6,32,44,11,0,0.0,9.916666666666668,0,0,0,0,0
2010-10-28,46,39,43,-4,31,38,22,0,0.01,9.866666666666665,0,0,0,0,0
2010-10-29,50,31,41,-6,27,36,24,0,0.0,10.0,0,0,0,0,0
2010-10-30,63,42,53,7,32,42,12,0,0.0,10.116666666666665,0,0,0,0,0
2010-10-31,52,36,44,-2,30,38,21,0,0.0,10.066666666666666,0,0,0,0,0
2011-05-01,63,47,55,2,37,47,10,0,0.0,14.016666666666666,0,0,0,0,0
2011-05-02,59,42,51,-3,31,42,14,0,0.0,13.883333333333333,0,0,0,0,0
2011-05-03,50,37,44,-10,31,38,21,0,0.01,13.916666666666666,1,0,0,0,0
2011-05-04,59,37,48,-6,29,40,17,0,0.0,13.966666666666669,0,0,0,0,0
2011-05-05,63,35,49,-6,40,46,16,0,0.06,14.0,1,1,0,0,0
2011-05-06,68,44,56,1,39,48,9,0,0.01,14.049999999999999,1,0,0,0,0
2011-05-07,60,43,52,-3,44,48,13,0,0.01,14.083333333333336,0,0,0,0,0
2011-05-08,68,39,54,-2,43,49,11,0,0.0,13.966666666666667,0,0,0,0,0
2011-05-09,73,47,60,4,45,53,5,0,0.01,14.0,1,0,0,0,0
2011-05-10,90,62,76,20,61,66,0,11,0.0,14.033333333333331,0,0,0,0,0
2011-05-11,87,63,75,18,66,68,0,10,0.13,13.9,1,1,1,0,0
2011-05-12,86,58,72,15,63,66,0,7,0.29,14.933333333333334,1,1,0,0,0
2011-05-13,77,47,62,4,54,56,3,0,0.02,14.966666666666669,1,1,0,0,0
2011-05-14,53,45,49,-9,47,48,16,0,0.31,15.0,1,1,0,0,0
2011-05-15,46,41,44,-14,36,41,21,0,0.31,15.033333333333333,1,1,0,0,0
2011-05-16,52,37,45,-14,30,40,20,0,0.0,15.066666666666666,0,0,0,0,0
2011-05-17,60,40,50,-9,33,43,15,0,0.0,15.100000000000001,0,0,0,0,0
2011-05-18,57,49,53,-7,48,49,12,0,0.07,14.966666666666667,1,1,0,1,0
2011-05-19,72,49,61,1,53,56,4,0,0.0,15.0,0,1,1,0,0
2011-05-20,73,50,62,1,54,57,3,0,0.0,15.033333333333331,0,1,0,0,0
2011-05-21,75,50,63,2,59,62,2,0,0.01,14.9,0,1,0,0,0
2011-05-22,87,61,74,13,60,64,0,9,0.58,14.933333333333334,1,1,0,0,0
2011-05-23,79,60,70,9,59,64,0,5,0.01,14.950000000000003,0,0,0,0,0
2011-05-24,66,47,57,-5,47,51,8,0,0.11,14.983333333333334,0,0,0,0,0
2011-05-25,67,47,57,-5,52,53,8,0,2.24,15.016666666666666,1,1,0,0,0
2011-05-26,49,43,46,-16,40,43,19,0,1.06,15.049999999999999,1,1,0,0,0
2011-05-27,58,40,49,-13,41,46,16,0,0.01,15.066666666666668,1,0,0,0,0
2011-05-28,62,51,57,-6,55,55,8,0,0.12,15.083333333333336,1,1,0,0,0
2011-05-29,70,52,61,-3,59,60,4,0,1.88,15.100000000000001,1,1,0,0,1
2011-05-30,88,56,72,8,65,69,0,7,0.0,15.133333333333333,0,0,0,0,0
2011-05-31,85,69,77,13,64,68,0,12,0.08,15.149999999999999,0,0,0,0,0
2011-06-01,81,59,70,6,49,59,0,5,0.0,14.85,0,0,0,0,0
2011-06-02,69,56,63,-1,44,53,2,0,0.02,14.85,1,0,0,0,0
2011-06-03,87,55,71,7,62,67,0,6,0.01,14.883333333333333,0,0,0,0,0
2011-06-04,92,64,78,14,64,68,0,13,0.18,14.900000000000002,1,0,0,0,0
2011-06-05,85,60,73,8,55,62,0,8,0.01,14.933333333333334,0,0,0,0,0
2011-06-06,93,60,77,11,64,69,0,12,0.0,14.933333333333334,0,0,0,0,0
2011-06-07,96,75,86,20,65,72,0,21,0.0,14.95,0,0,0,0,0
2011-06-08,95,66,81,15,64,71,0,16,0.17,14.966666666666665,1,0,0,0,0
2011-06-09,69,50,60,-6,52,55,5,0,0.93,14.983333333333333,1,1,0,0,0
2011-06-10,69,51,60,-7,56,57,5,0,0.52,15.000000000000002,1,1,1,0,0
2011-06-11,62,52,57,-10,54,55,8,0,0.03,15.000000000000002,1,1,0,1,1
2011-06-12,64,50,57,-11,45,52,8,0,0.0,15.016666666666667,0,1,0,0,0
2011-06-13,72,54,63,-5,43,53,2,0,0.0,15.016666666666667,0,0,0,0,0
2011-06-14,77,53,65,-3,49,56,0,0,0.0,15.033333333333333,0,0,0,0,0
2011-06-15,71,57,64,-4,59,61,1,0,0.8,15.033333333333333,1,1,0,0,0
2011-06-16,81,61,71,2,59,63,0,6,0.04,15.049999999999999,1,1,0,0,0
2011-06-17,82,60,71,2,60,64,0,6,0.0,15.049999999999999,0,0,0,0,0
2011-06-18,84,61,73,3,62,65,0,8,0.0,15.049999999999999,0,0,0,0,0
2011-06-19,81,63,72,2,65,68,0,7,0.0,14.9,0,0,0,0,0
2011-06-20,79,65,72,2,67,69,0,7,0.18,14.9,1,1,0,0,0
2011-06-21,89,66,78,8,70,72,0,13,0.45,14.9,1,1,0,0,0
2011-06-22,73,64,69,-1,63,65,0,4,0.02,14.899999999999999,1,0,0,0,0
2011-06-23,71,62,67,-3,59,62,0,2,0.01,14.899999999999999,1,1,0,0,0
2011-06-24,68,60,64,-7,56,59,1,0,0.0,14.899999999999999,0,0,0,0,0
2011-06-25,79,58,69,-2,53,60,0,4,0.0,14.899999999999999,0,0,0,0,0
2011-06-26,81,57,69,-2,53,60,0,4,0.0,14.883333333333333,0,0,0,0,0
2011-06-27,81,65,73,2,63,67,0,8,0.03,14.883333333333333,1,0,1,0,0
2011-06-28,81,63,72,1,54,61,0,7,0.0,14.866666666666665,0,0,0,0,0
2011-06-29,81,59,70,-1,56,62,0,5,0.0,14.866666666666665,0,0,0,0,0
2011-06-30,88,60,74,2,62,67,0,9,0.01,14.866666666666665,0,0,0,0,0
2011-07-01,89,72,81,9,62,68,0,16,0.0,15.016666666666666,0,0,0,0,0
2011-07-02,94,71,83,11,70,74,0,18,0.0,15.016666666666666,0,1,0,0,0
2011-07-03,84,69,77,5,57,65,0,12,0.0,15.0,0,0,0,0,0
2011-07-04,89,65,77,5,55,64,0,12,0.0,14.966666666666667,0,0,0,0,0
2011-07-05,91,68,80,8,60,68,0,15,0.0,14.966666666666667,0,0,0,0,0
2011-07-06,86,70,78,6,61,67,0,13,0.01,14.95,0,0,0,0,0
2011-07-07,82,63,73,1,53,62,0,8,0.01,14.95,1,0,0,0,0
2011-07-08,86,61,74,1,51,62,0,9,0.0,15.083333333333332,0,0,0,0,0
2011-07-09,91,61,76,3,58,66,0,11,0.0,15.066666666666666,0,0,0,0,0
2011-07-10,91,74,83,10,68,72,0,18,0.01,15.066666666666666,0,0,1,0,0
2011-07-11,88,71,80,7,71,74,0,15,0.39,15.033333333333333,0,0,1,0,0
2011-07-12,87,70,79,6,63,69,0,14,0.01,15.016666666666666,1,0,0,0,0
2011-07-13,74,63,69,-4,57,62,0,4,0.0,14.983333333333334,0,0,0,0,0
2011-07-14,82,59,71,-2,56,63,0,6,0.0,14.983333333333334,0,0,0,0,0
2011-07-15,87,70,79,5,60,66,0,14,0.01,14.950000000000001,0,0,0,0,0
2011-07-16,89,71,80,6,61,68,0,15,0.01,15.083333333333332,1,0,0,0,0
2011-07-17,95,69,82,8,69,74,0,17,0.0,15.066666666666666,0,0,0,0,0
2011-07-18,92,80,86,12,75,78,0,21,0.01,15.033333333333333,1,0,1,0,0
2011-07-19,93,78,86,12,72,76,0,21,0.0,15.0,0,0,0,0,0
2011-07-20,99,73,86,12,73,77,0,21,0.02,15.0,0,1,1,0,0
2011-07-21,99,75,87,13,70,76,0,22,0.02,14.966666666666669,0,0,0,0,0
2011-07-22,88,70,79,5,70,73,0,14,1.55,14.933333333333334,1,1,0,0,0
2011-07-23,87,70,79,5,70,73,0,14,6.86,14.9,1,1,0,0,0
2011-07-24,87,72,80,6,70,73,0,15,0.18,15.033333333333331,1,1,0,0,0
2011-07-25,88,73,81,7,66,71,0,16,0.0,15.0,0,0,0,0,0
2011-07-26,83,71,77,3,63,68,0,12,0.0,14.983333333333333,0,0,0,0,0
2011-07-27,90,68,79,5,66,70,0,14,0.71,15.116666666666667,1,0,0,0,0
2011-07-28,87,73,80,6,71,74,0,15,0.7,15.083333333333336,1,1,0,0,0
2011-07-29,86,71,79,5,67,71,0,14,0.7,15.049999999999999,0,1,0,0,0
2011-07-30,91,67,79,5,64,70,0,14,0.0,15.016666666666666,0,0,0,0,0
2011-07-31,90,68,79,5,69,73,0,14,0.0,14.983333333333334,0,0,0,0,0
2011-08-01,91,74,83,10,72,75,0,18,0.0,14.933333333333334,0,0,0,0,0
2011-08-02,93,74,84,11,73,76,0,19,0.43,14.9,0,0,0,0,0
2011-08-03,86,72,79,6,67,71,0,14,0.0,15.033333333333331,0,0,0,0,0
2011-08-04,84,69,77,4,66,69,0,12,0.0,15.0,0,0,0,0,0
2011-08-05,83,69,76,3,68,71,0,11,0.01,14.966666666666667,1,0,0,0,0
2011-08-06,85,72,79,6,70,72,0,14,0.18,15.100000000000001,1,1,0,0,0
2011-08-07,86,68,77,4,69,71,0,12,0.75,15.05,1,1,0,0,0
2011-08-08,80,68,74,1,67,69,0,9,0.63,15.016666666666667,1,1,0,0,0
2011-08-09,80,64,72,-1,61,66,0,7,0.0,14.983333333333334,0,1,0,0,0
2011-08-10,77,61,69,-4,54,61,0,4,0.0,14.933333333333334,0,0,0,0,0
2011-08-11,81,57,69,-4,54,61,0,4,0.0,14.066666666666666,0,0,0,0,0
2011-08-12,81,60,71,-2,59,64,0,6,0.0,14.033333333333333,0,0,0,0,0
2011-08-13,83,62,73,0,64,66,0,8,0.75,13.983333333333334,1,0,0,0,0
2011-08-14,75,62,69,-3,60,63,0,4,0.01,13.95,1,0,0,0,0
2011-08-15,82,57,70,-2,55,62,0,5,0.0,13.916666666666666,0,0,0,0,0
2011-08-16,85,61,73,1,58,64,0,8,0.0,13.033333333333335,0,0,0,0,0
2011-08-17,83,62,73,1,63,67,0,8,0.0,13.0,0,0,0,0,0
2011-08-18,84,67,76,4,60,66,0,11,0.0,13.116666666666665,0,0,0,0,0
2011-08-19,87,64,76,5,63,68,0,11,0.0,13.083333333333332,0,0,0,0,0
2011-08-20,80,66,73,2,67,69,0,8,1.11,13.033333333333335,1,1,0,0,1
2011-08-21,80,64,72,1,58,63,0,7,0.01,13.0,1,0,0,0,0
2011-08-22,82,59,71,0,59,64,0,6,0.0,12.950000000000001,0,0,0,0,0
2011-08-23,73,62,68,-3,63,65,0,3,0.65,12.900000000000002,1,1,0,0,0
2011-08-24,92,69,81,10,65,70,0,16,0.0,12.85,0,1,0,0,0
2011-08-25,83,64,74,4,59,64,0,9,0.0,13.149999999999999,0,0,0,0,0
2011-08-26,83,59,71,1,58,63,0,6,0.0,13.100000000000001,0,0,0,0,0
2011-08-27,81,64,73,3,62,66,0,8,0.0,13.049999999999999,0,0,0,0,0
2011-08-28,77,61,69,-1,57,61,0,4,0.0,13.016666666666666,0,0,0,0,0
2011-08-29,79,59,69,-1,56,62,0,4,0.0,12.966666666666669,0,0,0,0,0
2011-08-30,76,61,69,-1,56,62,0,4,0.04,12.933333333333334,1,0,0,0,0
2011-08-31,87,65,76,7,64,68,0,11,0.01,13.049999999999999,1,0,0,0,0
2011-09-01,93,71,82,14,71,75,0,17,0.0,13.0,0,0,0,0,0
2011-09-02,92,76,84,16,69,74,0,19,0.0,12.966666666666669,0,0,1,0,0
2011-09-03,89,69,79,11,67,71,0,14,0.02,12.916666666666666,1,1,1,0,0
2011-09-04,73,58,66,-2,54,60,0,1,0.0,13.033333333333335,0,0,0,0,0
2011-09-05,65,52,59,-8,45,52,6,0,0.0,13.0,0,0,0,0,0
2011-09-06,66,51,59,-8,46,52,6,0,0.0,13.116666666666665,0,0,0,0,0
2011-09-07,70,52,61,-6,47,54,4,0,0.0,13.066666666666666,0,0,0,0,0
2011-09-08,75,57,66,0,53,59,0,1,0.01,13.016666666666666,1,0,0,0,0
2011-09-09,72,60,66,0,60,62,0,1,0.02,12.983333333333334,1,0,0,0,0
2011-09-10,78,56,67,1,59,62,0,2,0.0,12.933333333333335,0,1,0,0,0
2011-09-11,83,57,70,5,59,63,0,5,0.0,12.883333333333333,0,1,0,0,0
2011-09-12,86,64,75,10,59,65,0,10,0.0,13.016666666666666,0,0,0,0,0
2011-09-13,73,56,65,0,54,59,0,0,0.0,12.966666666666667,0,1,1,0,0
2011-09-14,58,47,53,-11,43,49,12,0,0.08,13.083333333333332,1,1,1,0,0
2011-09-15,59,42,51,-13,35,44,14,0,0.0,13.033333333333335,0,0,0,0,0
2011-09-16,58,46,52,-12,40,47,13,0,0.0,11.966666666666667,0,0,0,0,0
2011-09-17,68,50,59,-5,45,52,6,0,0.0,12.083333333333332,0,0,0,0,0
2011-09-18,65,55,60,-4,55,57,5,0,0.43,12.01666666666667,1,1,0,1,0
2011-09-19,69,54,62,-1,58,60,3,0,0.24,11.983333333333333,1,1,0,0,0
2011-09-20,74,49,62,0,54,58,3,0,0.0,11.933333333333334,0,1,0,0,1
2011-09-21,71,56,64,2,49,56,1,0,0.01,11.883333333333333,1,0,0,0,0
2011-09-22,64,51,58,-4,47,52,7,0,0.0,11.999999999999998,0,0,0,0,0
2011-09-23,62,48,55,-6,44,49,10,0,0.0,12.133333333333333,0,0,0,0,0
2011-09-24,62,51,57,-4,49,51,8,0,0.14,12.083333333333336,1,1,0,0,0
2011-09-25,64,51,58,-3,53,55,7,0,0.08,12.033333333333333,1,0,0,0,0
2011-09-26,60,53,57,-3,51,53,8,0,1.21,11.983333333333334,1,1,0,0,0
2011-09-27,63,54,59,-1,53,55,6,0,0.31,11.95,1,1,0,0,0
2011-09-28,63,53,58,-1,54,55,7,0,0.77,12.066666666666666,1,1,0,0,0
2011-09-29,66,49,58,-1,51,53,7,0,0.06,12.016666666666667,1,1,0,0,0
2011-09-30,57,45,51,-8,41,47,14,0,0.09,11.966666666666665,1,0,0,0,0
2011-10-01,56,42,49,-9,40,45,16,0,0.01,11.933333333333334,0,0,0,0,0
2011-10-02,66,41,54,-4,38,46,11,0,0.0,11.883333333333335,0,0,0,0,0
2011-10-03,69,44,57,0,45,50,8,0,0.0,12.0,0,0,0,0,0
2011-10-04,76,43,60,3,47,52,5,0,0.0,12.116666666666665,0,0,0,0,0
2011-10-05,80,49,65,8,48,55,0,0,0.0,12.066666666666666,0,0,0,0,0
2011-10-06,81,50,66,10,51,58,0,1,0.0,12.016666666666666,0,0,0,0,0
2011-10-07,84,54,69,13,53,59,0,4,0.0,11.983333333333334,0,0,0,0,0
2011-10-08,82,54,68,12,54,60,0,3,0.0,11.933333333333335,0,0,0,0,0
2011-10-09,80,52,66,11,51,58,0,1,0.0,11.883333333333333,0,0,0,0,0
2011-10-10,76,54,65,10,51,57,0,0,0.0,12.016666666666666,0,0,0,0,0
2011-10-11,79,57,68,14,54,60,0,3,0.0,11.966666666666667,0,0,0,0,0
2011-10-12,78,55,67,13,52,58,0,2,0.0,11.083333333333332,0,0,0,0,0
2011-10-13,66,52,59,6,55,58,6,0,0.28,11.033333333333333,1,1,0,0,0
2011-10-14,62,48,55,2,41,48,10,0,0.0,10.983333333333334,0,0,0,0,0
2011-10-15,62,47,55,2,36,46,10,0,0.0,10.95,0,0,0,0,0
2011-10-16,62,48,55,3,39,46,10,0,0.17,11.066666666666666,1,0,0,0,0
2011-10-17,59,41,50,-2,33,42,15,0,0.0,11.016666666666667,0,0,0,0,0
2011-10-18,54,41,48,-3,37,43,17,0,0.06,10.983333333333334,1,0,0,0,0
2011-10-19,49,44,47,-4,40,44,18,0,0.85,10.933333333333334,1,1,0,0,0
2011-10-20,47,43,45,-5,37,42,20,0,0.08,11.05,1,0,0,0,0
2011-10-21,55,38,47,-3,34,41,18,0,0.0,11.0,0,0,0,0,0
2011-10-22,66,34,50,0,37,44,15,0,0.0,9.966666666666667,0,0,0,0,0
2011-10-23,68,38,53,4,41,48,12,0,0.2,10.083333333333332,1,1,0,0,0
2011-10-24,63,45,54,5,39,46,11,0,0.0,10.05,0,0,0,0,0
2011-10-25,74,45,60,12,46,53,5,0,0.02,10.000000000000002,1,0,0,0,0
2011-10-26,53,47,50,2,42,46,15,0,0.0,9.95,0,0,0,0,0
2011-10-27,53,39,46,-2,37,42,19,0,0.12,9.916666666666668,1,0,0,0,0
2011-10-28,55,35,45,-2,33,40,20,0,0.03,9.866666666666665,0,0,0,0,0
2011-10-29,55,34,45,-2,30,38,20,0,0.0,10.0,0,0,0,0,0
2011-10-30,57,33,45,-1,36,41,20,0,0.17,10.116666666666665,1,1,0,0,0
2011-10-31,53,36,45,-1,36,40,20,0,0.0,10.066666666666666,0,1,0,0,0
2012-05-01,65,49,57,4,52,55,8,0,0.09,14.016666666666666,1,1,1,0,0
2012-05-02,80,58,69,15,60,64,0,4,0.0,13.883333333333333,0,1,0,0,1
2012-05-03,86,66,76,22,65,69,0,11,1.34,13.916666666666666,1,0,0,0,0
2012-05-04,73,55,64,10,55,58,1,0,0.28,13.966666666666669,1,1,1,0,0
2012-05-05,60,52,56,1,52,54,9,0,0.01,14.0,1,1,1,0,0
2012-05-06,70,51,61,6,53,56,4,0,0.8,14.049999999999999,1,1,0,0,0
2012-05-07,64,52,58,3,55,57,7,0,0.47,14.083333333333336,1,1,1,0,1
2012-05-08,70,52,61,5,45,53,4,0,0.0,13.966666666666667,0,1,0,0,0
2012-05-09,60,47,54,-2,43,49,11,0,0.06,14.0,1,0,0,0,0
2012-05-10,67,46,57,1,34,46,8,0,0.0,14.033333333333331,0,0,0,0,0
2012-05-11,78,43,61,4,40,52,4,0,0.0,13.9,0,0,0,0,0
2012-05-12,69,53,61,4,42,51,4,0,0.03,14.933333333333334,1,0,0,0,0
2012-05-13,72,50,61,3,31,48,4,0,0.0,14.966666666666669,0,0,0,0,0
2012-05-14,82,43,63,5,36,51,2,0,0.0,15.0,0,0,0,0,0
2012-05-15,86,57,72,14,45,57,0,7,0.05,15.033333333333333,1,0,0,0,0
2012-05-16,65,50,58,-1,33,46,7,0,0.0,15.066666666666666,0,0,0,0,0
2012-05-17,74,45,60,1,39,50,5,0,0.0,15.100000000000001,0,0,0,0,0
2012-05-18,85,53,69,9,41,54,0,4,0.0,14.966666666666667,0,0,0,0,0
2012-05-19,92,59,76,16,53,62,0,11,0.0,15.0,0,0,0,0,0
2012-05-20,93,65,79,18,57,65,0,14,0.14,15.033333333333331,1,0,0,0,0
2012-05-21,67,54,61,0,44,52,4,0,0.0,14.9,0,0,0,0,0
2012-05-22,71,50,61,0,41,51,4,0,0.0,14.933333333333334,0,0,0,0,0
2012-05-23,82,47,65,4,42,54,0,0,0.0,14.950000000000003,0,0,0,0,0
2012-05-24,90,64,77,15,53,63,0,12,0.0,14.983333333333334,0,0,0,0,0
2012-05-25,83,65,74,12,49,59,0,9,0.0,15.016666666666666,0,0,0,0,0
2012-05-26,86,60,73,11,54,61,0,8,0.01,15.049999999999999,1,0,0,0,0
2012-05-27,97,70,84,22,59,68,0,19,0.0,15.066666666666668,0,0,0,0,0
2012-05-28,95,77,86,23,60,69,0,21,0.01,15.083333333333336,0,0,0,0,0
2012-05-29,85,61,73,9,46,59,0,8,0.0,15.100000000000001,0,0,0,0,0
2012-05-30,70,53,62,-2,46,53,3,0,0.0,15.133333333333333,0,0,0,0,0
2012-05-31,54,47,51,-13,45,48,14,0,1.12,15.149999999999999,1,1,0,0,0
2012-06-01,65,49,57,-7,43,49,8,0,0.01,14.85,1,0,0,0,0
2012-06-02,76,49,63,-1,46,55,2,0,0.0,14.85,0,0,0,0,0
2012-06-03,81,57,69,5,48,58,0,4,0.01,14.883333333333333,0,0,0,0,0
2012-06-04,75,59,67,3,47,56,0,2,0.01,14.900000000000002,0,0,0,0,0
2012-06-05,70,57,64,-1,49,56,1,0,0.0,14.933333333333334,0,0,0,0,0
2012-06-06,76,52,64,-2,46,55,1,0,0.0,14.933333333333334,0,0,0,0,0
2012-06-07,82,54,68,2,44,56,0,3,0.0,14.95,0,0,0,0,0
2012-06-08,88,54,71,5,49,60,0,6,0.0,14.966666666666665,0,0,0,0,0
2012-06-09,90,65,78,12,50,62,0,13,0.0,14.983333333333333,0,0,0,0,0
2012-06-10,93,67,80,13,56,66,0,15,0.0,15.000000000000002,0,0,0,0,0
2012-06-11,90,70,80,13,62,68,0,15,0.01,15.000000000000002,1,0,0,0,0
2012-06-12,78,59,69,1,46,57,0,4,0.0,15.016666666666667,0,0,0,0,0
2012-06-13,72,54,63,-5,45,55,2,0,0.0,15.016666666666667,0,0,0,0,0
2012-06-14,87,56,72,4,48,59,0,7,0.0,15.033333333333333,0,0,0,0,0
2012-06-15,94,59,77,9,49,62,0,12,0.0,15.033333333333333,0,0,0,0,0
2012-06-16,94,69,82,13,60,68,0,17,0.31,15.049999999999999,1,1,0,0,0
2012-06-17,87,69,78,9,59,66,0,13,0.11,15.049999999999999,1,1,0,0,0
2012-06-18,94,69,82,12,65,71,0,17,0.0,15.049999999999999,0,0,0,0,0
2012-06-19,95,78,87,17,65,72,0,22,0.0,14.9,0,0,0,0,0
2012-06-20,95,77,86,16,62,71,0,21,0.0,14.9,0,0,0,0,0
2012-06-21,85,70,78,8,59,66,0,13,0.01,14.9,1,0,0,0,0
2012-06-22,87,64,76,6,52,62,0,11,0.0,14.899999999999999,0,0,0,0,0
2012-06-23,87,62,75,5,55,64,0,10,0.0,14.899999999999999,0,0,0,0,0
2012-06-24,94,65,80,9,57,65,0,15,0.0,14.899999999999999,0,0,0,0,0
2012-06-25,76,60,68,-3,49,58,0,3,0.0,14.899999999999999,0,0,0,0,0
2012-06-26,83,56,70,-1,50,59,0,5,0.0,14.883333333333333,0,0,0,0,0
2012-06-27,92,57,75,4,51,63,0,10,0.0,14.883333333333333,0,0,0,0,0
2012-06-28,100,76,88,17,69,74,0,23,0.04,14.866666666666665,1,0,1,0,0
2012-06-29,88,69,79,8,61,67,0,14,0.42,14.866666666666665,1,0,0,0,0
2012-06-30,92,69,81,9,67,72,0,16,0.0,14.866666666666665,0,0,0,0,0
2012-07-01,91,68,80,8,67,71,0,15,0.01,15.016666666666666,0,0,0,0,0
2012-07-02,98,71,85,13,69,74,0,20,0.0,15.016666666666666,0,1,1,0,0
2012-07-03,96,77,87,15,67,74,0,22,0.0,15.0,0,0,0,0,0
2012-07-04,102,79,91,19,68,75,0,26,0.0,14.966666666666667,0,0,0,0,0
2012-07-05,103,79,91,19,69,75,0,26,0.28,14.966666666666667,1,0,0,0,0
2012-07-06,103,82,93,21,71,77,0,28,0.0,14.95,0,0,0,0,0
2012-07-07,98,73,86,14,67,72,0,21,0.0,14.95,0,0,0,0,0
2012-07-08,85,68,77,4,56,65,0,12,0.0,15.083333333333332,0,0,0,0,0
2012-07-09,91,66,79,6,57,65,0,14,0.0,15.066666666666666,0,0,0,0,0
2012-07-10,83,67,75,2,55,64,0,10,0.0,15.066666666666666,0,0,0,0,0
2012-07-11,87,64,76,3,57,65,0,11,0.0,15.033333333333333,0,0,0,0,0
2012-07-12,91,66,79,6,54,65,0,14,0.0,15.016666666666666,0,0,0,0,0
2012-07-13,93,70,82,9,63,69,0,17,0.28,14.983333333333334,1,1,0,0,0
2012-07-14,90,70,80,7,65,70,0,15,0.01,14.983333333333334,0,0,0,0,0
2012-07-15,95,71,83,9,66,71,0,18,0.0,14.950000000000001,0,0,0,0,0
2012-07-16,97,72,85,11,66,72,0,20,0.0,15.083333333333332,0,0,0,0,0
2012-07-17,99,79,89,15,67,74,0,24,0.0,15.066666666666666,0,0,0,0,0
2012-07-18,94,72,83,9,71,74,0,18,0.85,15.033333333333333,1,1,0,0,0
2012-07-19,83,71,77,3,70,72,0,12,0.8,15.0,1,1,0,0,0
2012-07-20,81,68,75,1,59,65,0,10,0.0,15.0,0,0,0,0,0
2012-07-21,87,65,76,2,63,69,0,11,0.0,14.966666666666669,0,0,0,0,0
2012-07-22,89,68,79,5,66,70,0,14,0.01,14.933333333333334,0,0,0,0,0
2012-07-23,97,81,89,15,68,74,0,24,0.01,14.9,1,0,0,0,0
2012-07-24,84,69,77,3,65,70,0,12,0.54,15.033333333333331,1,0,0,0,0
2012-07-25,99,70,85,11,67,73,0,20,0.01,15.0,1,0,0,0,0
2012-07-26,89,69,79,5,69,72,0,14,0.71,14.983333333333333,1,0,0,0,0
2012-07-27,86,66,76,2,64,68,0,11,0.03,15.116666666666667,0,0,0,0,0
2012-07-28,82,67,75,1,60,66,0,10,0.0,15.083333333333336,0,0,0,0,0
2012-07-29,85,63,74,0,59,66,0,9,0.01,15.049999999999999,1,0,0,0,0
2012-07-30,92,69,81,7,62,69,0,16,0.0,15.016666666666666,0,0,0,0,0
2012-07-31,85,68,77,3,65,69,0,12,0.16,14.983333333333334,0,0,0,0,0
2012-08-01,90,68,79,6,64,69,0,14,0.0,14.933333333333334,0,0,0,0,0
2012-08-02,93,66,80,7,63,69,0,15,0.0,14.9,0,0,0,0,0
2012-08-03,95,71,83,10,67,72,0,18,0.0,15.033333333333331,0,1,0,0,0
2012-08-04,93,71,82,9,69,72,0,17,0.37,15.0,1,0,0,0,0
2012-08-05,84,66,75,2,59,66,0,10,0.0,14.966666666666667,0,0,0,0,0
2012-08-06,85,62,74,1,56,64,0,9,0.0,15.100000000000001,0,0,0,0,0
2012-08-07,92,62,77,4,60,68,0,12,0.0,15.05,0,0,0,0,0
2012-08-08,84,72,78,5,62,68,0,13,0.01,15.016666666666667,1,0,0,0,0
2012-08-09,75,63,69,-4,63,65,0,4,0.05,14.983333333333334,1,1,0,0,0
2012-08-10,76,61,69,-4,55,60,0,4,0.18,14.933333333333334,1,1,0,0,0
2012-08-11,78,56,67,-6,53,59,0,2,0.0,14.066666666666666,0,0,0,0,0
2012-08-12,76,55,66,-7,54,60,0,1,0.01,14.033333333333333,0,0,0,0,0
2012-08-13,69,60,65,-8,61,63,0,0,0.4,13.983333333333334,1,1,0,0,0
2012-08-14,84,56,70,-2,60,64,0,5,0.01,13.95,0,1,0,0,0
2012-08-15,85,65,75,3,60,66,0,10,0.01,13.916666666666666,0,0,0,0,0
2012-08-16,76,62,69,-3,61,65,0,4,0.39,13.033333333333335,1,1,0,0,0
2012-08-17,76,58,67,-5,51,58,0,2,0.0,13.0,0,0,0,0,0
2012-08-18,77,53,65,-7,51,58,0,0,0.0,13.116666666666665,0,0,0,0,0
2012-08-19,79,60,70,-1,50,58,0,5,0.0,13.083333333333332,0,0,0,0,0
2012-08-20,74,58,66,-5,56,60,0,1,0.08,13.033333333333335,1,0,0,0,0
2012-08-21,79,53,66,-5,50,58,0,1,0.0,13.0,0,0,0,0,0
2012-08-22,85,54,70,-1,52,60,0,5,0.0,12.950000000000001,0,0,0,0,0
2012-08-23,92,64,78,7,56,64,0,13,0.03,12.900000000000002,1,0,0,0,0
2012-08-24,94,64,79,8,57,66,0,14,0.0,12.85,0,0,0,0,0
2012-08-25,93,66,80,10,57,66,0,15,0.0,13.149999999999999,0,0,0,0,0
2012-08-26,79,66,73,3,67,68,0,8,0.57,13.100000000000001,1,1,0,0,0
2012-08-27,88,66,77,7,61,67,0,12,0.0,13.049999999999999,0,1,0,0,0
2012-08-28,86,63,75,5,61,65,0,10,0.0,13.016666666666666,0,0,0,0,0
2012-08-29,84,65,75,5,59,65,0,10,0.0,12.966666666666669,0,0,0,0,0
2012-08-30,90,64,77,7,59,66,0,12,0.0,12.933333333333334,0,0,0,0,0
2012-08-31,92,71,82,13,64,70,0,17,0.0,13.049999999999999,0,0,0,0,0
2012-09-01,75,71,73,5,66,69,0,8,0.01,13.0,1,0,0,0,0
2012-09-02,82,73,78,10,69,71,0,13,0.01,12.966666666666669,0,0,0,0,0
2012-09-03,88,71,80,12,70,73,0,15,0.0,12.916666666666666,0,1,0,0,0
2012-09-04,90,66,78,10,69,72,0,13,0.64,13.033333333333335,1,1,0,0,0
2012-09-05,86,63,75,8,64,68,0,10,0.16,13.0,1,0,0,0,0
2012-09-06,86,68,77,10,61,67,0,12,0.0,13.116666666666665,0,0,0,0,0
2012-09-07,78,59,69,2,60,64,0,4,0.06,13.066666666666666,1,1,0,0,0
2012-09-08,73,54,64,-2,50,56,1,0,0.28,13.016666666666666,1,0,0,0,0
2012-09-09,72,55,64,-2,51,56,1,0,0.0,12.983333333333334,0,0,0,0,0
2012-09-10,75,52,64,-2,50,56,1,0,0.0,12.933333333333335,0,0,0,0,0
2012-09-11,83,52,68,3,53,60,0,3,0.0,12.883333333333333,0,0,0,0,0
2012-09-12,86,63,75,10,56,63,0,10,0.0,13.016666666666666,0,0,0,0,0
2012-09-13,71,54,63,-2,53,57,2,0,0.19,12.966666666666667,1,0,0,0,0
2012-09-14,76,51,64,0,46,54,1,0,0.0,13.083333333333332,0,0,0,0,0
2012-09-15,79,50,65,1,46,55,0,0,0.0,13.033333333333335,0,0,0,0,0
2012-09-16,77,49,63,-1,47,55,2,0,0.0,11.966666666666667,0,0,0,0,0
2012-09-17,78,55,67,3,56,59,0,2,0.26,12.083333333333332,1,1,0,0,0
2012-09-18,63,47,55,-9,39,47,10,0,0.01,12.01666666666667,0,0,0,0,0
2012-09-19,73,41,57,-6,40,50,8,0,0.0,11.983333333333333,0,0,0,0,0
2012-09-20,72,51,62,0,39,50,3,0,0.0,11.933333333333334,0,0,0,0,0
2012-09-21,60,48,54,-8,46,50,11,0,0.15,11.883333333333333,1,0,0,0,0
2012-09-22,59,44,52,-10,41,46,13,0,0.02,11.999999999999998,1,0,0,0,0
2012-09-23,61,40,51,-10,35,43,14,0,0.0,12.133333333333333,0,0,0,0,0
2012-09-24,70,37,54,-7,34,46,11,0,0.0,12.083333333333336,0,0,0,0,0
2012-09-25,77,49,63,2,52,57,2,0,0.0,12.033333333333333,0,0,0,0,0
2012-09-26,68,53,61,1,50,54,4,0,0.0,11.983333333333334,0,0,0,0,0
2012-09-27,65,46,56,-4,46,51,9,0,0.0,11.95,0,0,0,0,0
2012-09-28,67,50,59,0,48,52,6,0,0.01,12.066666666666666,1,0,0,0,0
2012-09-29,79,48,64,5,46,53,1,0,0.0,12.016666666666667,0,0,0,0,0
2012-09-30,66,50,58,-1,46,51,7,0,0.0,11.966666666666665,0,0,0,0,0
2012-10-01,66,47,57,-1,46,52,8,0,0.0,11.933333333333334,0,0,0,0,0
2012-10-02,69,53,61,3,50,55,4,0,0.0,11.883333333333335,0,0,0,0,0
2012-10-03,63,59,61,4,59,60,4,0,0.26,12.0,1,1,0,1,0
2012-10-04,77,48,63,6,52,56,2,0,0.12,12.116666666666665,1,0,0,0,0
2012-10-05,50,39,45,-12,31,40,20,0,0.0,12.066666666666666,0,0,0,0,0
2012-10-06,50,34,42,-14,28,37,23,0,0.0,12.016666666666666,0,0,0,0,0
2012-10-07,51,36,44,-12,24,36,21,0,0.0,11.983333333333334,0,0,0,0,0
2012-10-08,60,32,46,-10,29,40,19,0,0.0,11.933333333333335,0,0,0,0,0
2012-10-09,65,42,54,-1,38,45,11,0,0.17,11.883333333333333,1,1,0,0,0
2012-10-10,51,35,43,-12,31,38,22,0,0.0,12.016666666666666,0,0,0,0,0
2012-10-11,67,35,51,-3,35,44,14,0,0.02,11.966666666666667,1,0,0,0,0
2012-10-12,53,37,45,-9,32,40,20,0,0.01,11.083333333333332,0,0,0,0,0
2012-10-13,67,44,56,3,52,54,9,0,0.21,11.033333333333333,1,1,0,1,0
2012-10-14,71,48,60,7,55,57,5,0,0.77,10.983333333333334,1,1,0,0,0
2012-10-15,60,41,51,-2,41,46,14,0,0.0,10.95,0,0,0,0,0
2012-10-16,70,40,55,3,45,51,10,0,0.0,11.066666666666666,0,0,0,0,0
2012-10-17,68,54,61,9,52,56,4,0,0.51,11.016666666666667,1,1,0,0,0
2012-10-18,54,45,50,-1,41,45,15,0,0.07,10.983333333333334,1,0,0,0,0
2012-10-19,52,43,48,-3,43,45,17,0,0.02,10.933333333333334,1,0,0,1,0
2012-10-20,59,39,49,-1,40,44,16,0,0.0,11.05,0,0,0,0,0
2012-10-21,68,37,53,3,45,49,12,0,0.0,11.0,0,0,0,0,0
2012-10-22,65,49,57,7,56,57,8,0,0.81,9.966666666666667,1,1,0,0,0
2012-10-23,70,57,64,15,60,61,1,0,0.06,10.083333333333332,1,1,0,0,0
2012-10-24,78,58,68,19,62,65,0,3,0.0,10.05,0,0,0,0,0
2012-10-25,75,45,60,12,56,59,5,0,0.13,10.000000000000002,1,0,0,0,0
2012-10-26,51,37,44,-4,30,39,21,0,0.0,9.95,0,0,0,0,0
2012-10-27,48,34,41,-7,27,36,24,0,0.0,9.916666666666668,0,0,0,0,0
2012-10-28,49,38,44,-3,30,38,21,0,0.0,9.866666666666665,0,0,0,0,0
2012-10-29,51,36,44,-3,30,38,21,0,0.0,10.0,0,0,0,0,0
2012-10-30,48,39,44,-2,26,36,21,0,0.0,10.116666666666665,0,0,0,0,0
2012-10-31,50,34,42,-4,26,35,23,0,0.0,10.066666666666666,0,0,0,0,0
2013-05-01,84,56,70,17,54,62,0,5,0.0,14.016666666666666,0,0,0,0,0
2013-05-02,55,42,49,-5,41,45,16,0,0.11,13.883333333333333,1,0,0,0,0
2013-05-03,48,40,44,-10,42,43,21,0,0.05,13.916666666666666,1,1,0,0,0
2013-05-04,71,48,60,6,45,51,5,0,0.02,13.966666666666669,0,0,0,0,0
2013-05-05,69,48,59,4,43,50,6,0,0.01,14.0,1,0,0,0,0
2013-05-06,71,50,61,6,39,49,4,0,0.01,14.049999999999999,0,0,0,0,0
2013-05-07,75,48,62,7,41,52,3,0,0.0,14.083333333333336,0,0,0,0,0
2013-05-08,79,48,64,8,43,54,1,0,0.0,13.966666666666667,0,0,0,0,0
2013-05-09,75,46,61,5,50,54,4,0,0.32,14.0,1,0,0,0,0
2013-05-10,47,44,46,-10,43,45,19,0,0.13,14.033333333333331,1,1,0,1,0
2013-05-11,60,43,52,-5,37,45,13,0,0.0,13.9,0,0,0,0,0
2013-05-12,55,37,46,-11,29,39,19,0,0.0,14.933333333333334,0,0,0,0,0
2013-05-13,64,36,50,-8,32,43,15,0,0.0,14.966666666666669,0,0,0,0,0
2013-05-14,91,50,71,13,49,59,0,6,0.0,15.0,0,0,0,0,0
2013-05-15,84,60,72,14,49,59,0,7,0.0,15.033333333333333,0,0,0,0,0
2013-05-16,83,53,68,9,46,56,0,3,0.0,15.066666666666666,0,0,0,0,0
2013-05-17,70,55,63,4,46,53,2,0,0.01,15.100000000000001,0,0,0,0,0
2013-05-18,80,56,68,8,56,61,0,3,0.0,14.966666666666667,0,0,0,0,0
2013-05-19,86,58,72,12,61,66,0,7,0.0,15.0,0,1,1,0,0
2013-05-20,89,65,77,16,60,67,0,12,1.09,15.033333333333331,1,1,0,0,0
2013-05-21,81,64,73,12,63,66,0,8,0.56,14.9,1,1,0,0,0
2013-05-22,73,52,63,2,60,63,2,0,1.35,14.933333333333334,1,1,0,0,0
2013-05-23,54,42,48,-13,43,46,17,0,0.06,14.950000000000003,1,1,0,0,0
2013-05-24,57,41,49,-13,34,42,16,0,0.0,14.983333333333334,0,0,0,0,0
2013-05-25,57,44,51,-11,37,44,14,0,0.0,15.016666666666666,0,0,0,0,0
2013-05-26,68,44,56,-6,44,50,9,0,0.02,15.049999999999999,1,0,0,0,0
2013-05-27,62,53,58,-4,53,55,7,0,0.23,15.066666666666668,1,1,1,1,0
2013-05-28,76,56,66,3,64,66,0,1,0.2,15.083333333333336,1,1,0,0,0
2013-05-29,84,64,74,10,64,67,0,9,0.01,15.100000000000001,0,0,0,0,0
2013-05-30,83,64,74,10,66,69,0,9,0.51,15.133333333333333,1,0,0,0,0
2013-05-31,77,64,71,7,65,67,0,6,0.3,15.149999999999999,1,1,0,0,0
2013-06-01,76,63,70,6,62,64,0,5,0.56,14.85,1,1,0,0,0
2013-06-02,63,43,53,-11,50,51,12,0,0.01,14.85,1,1,0,1,0
2013-06-03,68,43,56,-8,43,50,9,0,0.0,14.883333333333333,0,0,0,0,0
2013-06-04,72,50,61,-3,45,52,4,0,0.0,14.900000000000002,0,0,0,0,0
2013-06-05,73,54,64,-1,49,54,1,0,0.01,14.933333333333334,1,0,0,0,0
2013-06-06,64,52,58,-8,50,53,7,0,0.15,14.933333333333334,1,0,0,0,0
2013-06-07,68,52,60,-6,45,52,5,0,0.01,14.95,0,0,0,0,0
2013-06-08,74,49,62,-4,43,53,3,0,0.0,14.966666666666665,0,0,0,0,0
2013-06-09,80,55,68,2,55,61,0,3,0.01,14.983333333333333,1,0,0,0,0
2013-06-10,76,60,68,1,63,65,0,3,0.26,15.000000000000002,1,1,1,0,0
2013-06-11,83,60,72,5,62,67,0,7,0.01,15.000000000000002,1,1,0,0,0
2013-06-12,86,63,75,7,64,67,0,10,0.75,15.016666666666667,1,1,0,0,0
2013-06-13,73,58,66,-2,54,59,0,1,0.0,15.016666666666667,0,1,0,0,0
2013-06-14,78,56,67,-1,51,57,0,2,0.0,15.033333333333333,0,0,0,0,0
2013-06-15,80,58,69,1,62,65,0,4,0.17,15.033333333333333,1,1,0,0,0
2013-06-16,86,69,78,9,62,67,0,13,0.0,15.049999999999999,0,0,0,0,0
2013-06-17,88,59,74,5,55,63,0,9,0.03,15.049999999999999,0,0,0,0,0
2013-06-18,71,56,64,-6,52,56,1,0,0.0,15.049999999999999,0,1,0,0,0
2013-06-19,75,53,64,-6,46,55,1,0,0.0,14.9,0,0,0,0,0
2013-06-20,86,56,71,1,58,64,0,6,0.0,14.9,0,0,0,0,0
2013-06-21,82,68,75,5,65,68,0,10,0.79,14.9,1,1,0,0,0
2013-06-22,80,67,74,4,67,69,0,9,0.04,14.899999999999999,1,0,0,0,0
2013-06-23,87,66,77,7,68,71,0,12,0.84,14.899999999999999,1,0,0,0,0
2013-06-24,89,67,78,7,67,69,0,13,0.18,14.899999999999999,0,1,0,0,0
2013-06-25,85,67,76,5,69,71,0,11,0.03,14.899999999999999,1,0,0,0,0
2013-06-26,80,66,73,2,67,68,0,8,1.48,14.883333333333333,1,1,0,0,0
2013-06-27,90,64,77,6,67,70,0,12,0.92,14.883333333333333,0,1,0,0,0
2013-06-28,83,67,75,4,61,66,0,10,0.01,14.866666666666665,1,0,0,0,0
2013-06-29,72,64,68,-3,59,62,0,3,0.0,14.866666666666665,0,1,0,0,0
2013-06-30,77,62,70,-2,52,59,0,5,0.0,14.866666666666665,0,0,0,0,0
2013-07-01,75,59,67,-5,51,58,0,2,0.0,15.016666666666666,0,0,0,0,0
2013-07-02,68,60,64,-8,52,57,1,0,0.01,15.016666666666666,0,0,0,0,0
2013-07-03,72,59,66,-6,60,62,0,1,0.02,15.0,0,1,1,1,0
2013-07-04,83,56,70,-2,61,64,0,5,0.0,14.966666666666667,0,1,0,0,0
2013-07-05,86,60,73,1,61,66,0,8,0.0,14.966666666666667,0,0,0,0,0
2013-07-06,83,65,74,2,65,68,0,9,0.0,14.95,0,0,0,0,0
2013-07-07,88,70,79,7,67,71,0,14,0.0,14.95,0,0,0,0,0
2013-07-08,86,70,78,5,71,74,0,13,0.5,15.083333333333332,1,1,0,0,0
2013-07-09,85,73,79,6,74,75,0,14,0.01,15.066666666666666,0,1,0,0,0
2013-07-10,85,66,76,3,65,70,0,11,0.0,15.066666666666666,0,0,0,0,0
2013-07-11,81,64,73,0,54,62,0,8,0.0,15.033333333333333,0,0,0,0,0
2013-07-12,83,58,71,-2,53,61,0,6,0.0,15.016666666666666,0,0,0,0,0
2013-07-13,84,62,73,0,59,65,0,8,0.0,14.983333333333334,0,0,0,0,0
2013-07-14,88,72,80,7,66,71,0,15,0.0,14.983333333333334,0,0,0,0,0
2013-07-15,89,71,80,6,71,74,0,15,0.09,14.950000000000001,0,0,0,0,0
2013-07-16,92,73,83,9,72,75,0,18,0.0,15.083333333333332,0,0,0,0,0
2013-07-17,94,76,85,11,72,76,0,20,0.0,15.066666666666666,0,0,0,0,0
2013-07-18,95,77,86,12,72,76,0,21,0.01,15.033333333333333,0,0,0,0,0
2013-07-19,96,71,84,10,70,75,0,19,0.58,15.0,0,1,0,0,0
2013-07-20,89,71,80,6,64,69,0,15,0.06,15.0,0,0,0,0,0
2013-07-21,88,68,78,4,65,69,0,13,0.01,14.966666666666669,0,0,0,0,0
2013-07-22,87,71,79,5,66,71,0,14,0.01,14.933333333333334,1,0,0,0,0
2013-07-23,78,63,71,-3,60,64,0,6,0.03,14.9,0,0,0,0,0
2013-07-24,72,60,66,-8,51,58,0,1,0.0,15.033333333333331,0,0,0,0,0
2013-07-25,81,57,69,-5,54,61,0,4,0.0,15.0,0,0,0,0,0
2013-07-26,70,62,66,-8,61,63,0,1,0.39,14.983333333333333,1,1,0,0,0
2013-07-27,65,55,60,-14,51,56,5,0,0.0,15.116666666666667,0,0,0,0,0
2013-07-28,69,54,62,-12,50,55,3,0,0.01,15.083333333333336,1,0,0,0,0
2013-07-29,76,57,67,-7,55,59,0,2,0.0,15.049999999999999,0,0,0,0,0
2013-07-30,74,57,66,-8,59,62,0,1,0.04,15.016666666666666,1,0,0,0,0
2013-07-31,75,62,69,-5,64,65,0,4,0.5,14.983333333333334,1,1,0,1,0
2013-08-01,81,61,71,-2,57,62,0,6,0.0,14.933333333333334,0,0,0,0,0
2013-08-02,84,62,73,0,63,67,0,8,0.63,14.9,1,1,0,0,0
2013-08-03,81,64,73,0,55,62,0,8,0.0,15.033333333333331,0,0,0,0,0
2013-08-04,75,60,68,-5,56,61,0,3,0.01,15.0,1,0,0,0,0
2013-08-05,75,58,67,-6,59,62,0,2,0.07,14.966666666666667,1,0,0,0,0
2013-08-06,83,67,75,2,68,70,0,10,0.04,15.100000000000001,0,0,0,0,0
2013-08-07,89,67,78,5,68,71,0,13,0.01,15.05,0,0,0,0,0
2013-08-08,78,65,72,-1,56,62,0,7,0.0,15.016666666666667,0,0,0,0,0
2013-08-09,82,59,71,-2,60,65,0,6,0.01,14.983333333333334,0,0,0,0,0
2013-08-10,81,64,73,0,57,63,0,8,0.0,14.933333333333334,0,0,0,0,0
2013-08-11,81,60,71,-2,61,67,0,6,0.01,14.066666666666666,1,0,0,0,0
2013-08-12,82,67,75,2,65,68,0,10,0.27,14.033333333333333,1,0,0,1,0
2013-08-13,70,58,64,-9,52,58,1,0,0.0,13.983333333333334,0,0,0,0,0
2013-08-14,72,56,64,-8,50,56,1,0,0.0,13.95,0,0,0,0,0
2013-08-15,75,55,65,-7,53,58,0,0,0.0,13.916666666666666,0,0,0,0,0
2013-08-16,82,55,69,-3,52,60,0,4,0.0,13.033333333333335,0,0,0,0,0
2013-08-17,81,57,69,-3,56,62,0,4,0.0,13.0,0,0,0,0,0
2013-08-18,81,59,70,-2,57,63,0,5,0.0,13.116666666666665,0,0,0,0,0
2013-08-19,85,57,71,0,60,65,0,6,0.0,13.083333333333332,0,0,0,0,0
2013-08-20,88,66,77,6,62,68,0,12,0.0,13.033333333333335,0,0,0,0,0
2013-08-21,90,68,79,8,65,70,0,14,0.01,13.0,1,0,0,0,0
2013-08-22,78,68,73,2,67,69,0,8,0.23,12.950000000000001,1,0,0,0,0
2013-08-23,82,62,72,1,55,63,0,7,0.0,12.900000000000002,0,1,0,0,0
2013-08-24,86,60,73,2,59,65,0,8,0.0,12.85,0,0,0,0,0
2013-08-25,89,65,77,7,62,68,0,12,0.0,13.149999999999999,0,0,0,0,0
2013-08-26,92,70,81,11,68,72,0,16,0.0,13.100000000000001,0,0,0,0,0
2013-08-27,96,77,87,17,70,75,0,22,0.0,13.049999999999999,0,0,0,0,0
2013-08-28,83,71,77,7,69,72,0,12,0.0,13.016666666666666,0,0,0,0,0
2013-08-29,89,66,78,8,64,69,0,13,0.0,12.966666666666669,0,1,1,0,0
2013-08-30,96,67,82,12,68,72,0,17,0.36,12.933333333333334,0,1,0,0,0
2013-08-31,78,71,75,6,67,69,0,10,0.07,13.049999999999999,1,0,0,0,0
2013-09-01,85,65,75,7,67,70,0,10,0.14,13.0,0,0,0,0,0
2013-09-02,79,60,70,2,61,64,0,5,0.0,12.966666666666669,0,0,0,0,0
2013-09-03,77,57,67,-1,54,59,0,2,0.0,12.916666666666666,0,0,0,0,0
2013-09-04,84,59,72,4,57,63,0,7,0.0,13.033333333333335,0,0,0,0,0
2013-09-05,74,59,67,0,54,60,0,2,0.01,13.0,0,0,0,0,0
2013-09-06,86,57,72,5,58,64,0,7,0.0,13.116666666666665,0,0,0,0,0
2013-09-07,88,65,77,10,62,68,0,12,0.01,13.066666666666666,0,0,0,0,0
2013-09-08,77,71,74,8,66,69,0,9,0.0,13.016666666666666,0,0,0,0,0
2013-09-09,94,68,81,15,70,74,0,16,0.0,12.983333333333334,0,0,0,0,0
2013-09-10,95,77,86,20,64,71,0,21,0.0,12.933333333333335,0,0,0,0,0
2013-09-11,91,75,83,18,66,71,0,18,0.01,12.883333333333333,0,0,0,0,0
2013-09-12,82,62,72,7,59,64,0,7,0.01,13.016666666666666,1,0,0,0,0
2013-09-13,67,52,60,-5,45,52,5,0,0.0,12.966666666666667,0,0,0,0,0
2013-09-14,72,47,60,-4,43,52,5,0,0.0,13.083333333333332,0,0,0,0,0
2013-09-15,62,56,59,-5,52,55,6,0,0.65,13.033333333333335,1,1,0,0,0
2013-09-16,64,51,58,-6,47,52,7,0,0.0,11.966666666666667,0,0,0,0,0
2013-09-17,71,49,60,-4,51,56,5,0,0.0,12.083333333333332,0,0,0,0,0
2013-09-18,81,60,71,7,60,64,0,6,0.55,12.01666666666667,0,0,0,0,0
2013-09-19,84,69,77,14,68,70,0,12,0.84,11.983333333333333,1,1,1,0,1
2013-09-20,76,58,67,5,60,63,0,2,0.01,11.933333333333334,0,0,0,0,0
2013-09-21,67,52,60,-2,48,53,5,0,0.0,11.883333333333333,0,0,0,0,0
2013-09-22,67,49,58,-4,47,52,7,0,0.0,11.999999999999998,0,0,0,0,0
2013-09-23,67,46,57,-4,48,53,8,0,0.0,12.133333333333333,0,0,0,0,0
2013-09-24,70,49,60,-1,49,54,5,0,0.0,12.083333333333336,0,0,0,0,0
2013-09-25,70,51,61,0,52,56,4,0,0.0,12.033333333333333,0,0,0,0,0
2013-09-26,75,50,63,3,52,58,2,0,0.0,11.983333333333334,0,1,0,0,0
2013-09-27,81,52,67,7,51,57,0,2,0.0,11.95,0,0,0,0,0
2013-09-28,84,55,70,11,56,62,0,5,0.2,12.066666666666666,1,1,0,0,0
2013-09-29,68,51,60,1,49,54,5,0,0.18,12.016666666666667,1,1,0,0,0
2013-09-30,74,47,61,2,49,55,4,0,0.0,11.966666666666665,0,0,0,0,0
2013-10-01,79,62,71,13,62,65,0,6,0.0,11.933333333333334,0,1,0,0,0
2013-10-02,76,62,69,11,50,59,0,4,0.0,11.883333333333335,0,1,0,0,0
2013-10-03,78,60,69,12,65,67,0,4,0.12,12.0,1,1,0,1,1
2013-10-04,74,65,70,13,65,66,0,5,0.01,12.116666666666665,1,1,0,0,0
2013-10-05,80,61,71,14,66,68,0,6,0.82,12.066666666666666,1,1,0,0,0
2013-10-06,64,45,55,-1,44,49,10,0,0.09,12.016666666666666,1,0,0,0,0
2013-10-07,68,45,57,1,45,50,8,0,0.01,11.983333333333334,0,0,0,0,0
2013-10-08,75,43,59,3,48,53,6,0,0.0,11.933333333333335,0,0,0,0,0
2013-10-09,71,48,60,5,47,53,5,0,0.0,11.883333333333333,0,0,0,0,0
2013-10-10,74,46,60,5,50,55,5,0,0.0,12.016666666666666,0,1,0,0,0
2013-10-11,76,51,64,10,51,56,1,0,0.0,11.966666666666667,0,0,0,0,0
2013-10-12,73,46,60,6,54,57,5,0,0.12,11.083333333333332,1,1,0,0,0
2013-10-13,64,44,54,1,41,48,11,0,0.0,11.033333333333333,0,0,0,0,0
2013-10-14,62,42,52,-1,44,49,13,0,0.0,10.983333333333334,0,0,0,0,0
2013-10-15,64,49,57,4,51,54,8,0,0.07,10.95,1,1,0,0,0
2013-10-16,54,47,51,-1,45,48,14,0,0.01,11.066666666666666,0,0,0,1,0
2013-10-17,53,40,47,-5,44,46,18,0,0.29,11.016666666666667,1,1,0,0,0
2013-10-18,50,39,45,-6,40,43,20,0,0.0,10.983333333333334,0,0,0,0,0
2013-10-19,54,42,48,-3,37,42,17,0,0.01,10.933333333333334,1,0,0,0,0
2013-10-20,61,36,49,-1,42,46,16,0,0.01,11.05,1,0,0,0,0
2013-10-21,55,33,44,-6,31,38,21,0,0.01,11.0,0,0,0,0,0
2013-10-22,42,29,36,-14,31,34,29,0,0.01,9.966666666666667,1,0,0,0,0
2013-10-23,46,32,39,-10,27,34,26,0,0.01,10.083333333333332,0,0,0,0,0
2013-10-24,44,31,38,-11,25,33,27,0,0.01,10.05,0,0,0,0,0
2013-10-25,51,29,40,-8,26,35,25,0,0.0,10.000000000000002,0,0,0,0,0
2013-10-26,55,37,46,-2,29,39,19,0,0.0,9.95,0,0,0,0,0
2013-10-27,54,29,42,-6,29,37,23,0,0.0,9.916666666666668,0,0,0,0,0
2013-10-28,53,35,44,-3,37,41,21,0,0.0,9.866666666666665,0,0,0,0,0
2013-10-29,57,42,50,3,40,45,15,0,0.01,10.0,0,0,0,0,0
2013-10-30,63,43,53,7,52,53,12,0,0.55,10.116666666666665,1,1,1,0,0
2013-10-31,64,46,55,9,56,57,10,0,1.04,10.066666666666666,1,1,0,0,0
2014-05-01,49,42,46,-7,38,42,19,0,0.09,14.016666666666666,1,1,0,1,0
2014-05-02,53,46,50,-4,39,45,15,0,0.01,13.883333333333333,0,0,0,0,0
2014-05-03,67,46,57,3,37,48,8,0,0.0,13.916666666666666,0,0,0,0,0
2014-05-04,58,44,51,-3,29,41,14,0,0.0,13.966666666666669,0,0,0,0,0
2014-05-05,55,43,49,-6,34,42,16,0,0.05,14.0,1,0,0,0,0
2014-05-06,63,41,52,-3,34,45,13,0,0.0,14.049999999999999,0,0,0,0,0
2014-05-07,78,48,63,8,42,50,2,0,0.01,14.083333333333336,0,0,0,0,0
2014-05-08,89,51,70,14,55,63,0,5,0.1,13.966666666666667,1,0,0,0,0
2014-05-09,73,54,64,8,52,58,1,0,1.03,14.0,1,1,0,0,0
2014-05-10,77,47,62,6,42,52,3,0,0.0,14.033333333333331,0,0,0,0,0
2014-05-11,81,52,67,10,53,59,0,2,0.12,13.9,0,0,0,0,0
2014-05-12,84,64,74,17,64,67,0,9,2.09,14.933333333333334,1,1,0,0,0
2014-05-13,67,52,60,2,53,56,5,0,0.12,14.966666666666669,1,1,0,0,0
2014-05-14,56,44,50,-8,39,46,15,0,0.02,15.0,1,1,0,0,0
2014-05-15,55,40,48,-10,35,41,17,0,0.19,15.033333333333333,1,0,0,0,0
2014-05-16,46,37,42,-17,34,38,23,0,0.1,15.066666666666666,1,0,0,1,0
2014-05-17,60,39,50,-9,33,42,15,0,0.0,15.100000000000001,0,1,0,0,0
2014-05-18,69,47,58,-2,37,48,7,0,0.0,14.966666666666667,0,0,0,0,0
2014-05-19,69,45,57,-3,40,50,8,0,0.01,15.0,1,0,0,0,0
2014-05-20,85,62,74,13,58,63,0,9,0.82,15.033333333333331,1,1,0,0,0
2014-05-21,86,63,75,14,55,63,0,10,0.01,14.9,1,1,1,0,0
2014-05-22,70,53,62,1,47,54,3,0,0.0,14.933333333333334,0,0,0,0,0
2014-05-23,69,48,59,-2,43,51,6,0,0.0,14.950000000000003,0,0,0,0,0
2014-05-24,74,47,61,-1,42,52,4,0,0.0,14.983333333333334,0,0,0,0,0
2014-05-25,83,50,67,5,46,56,0,2,0.0,15.016666666666666,0,0,0,0,0
2014-05-26,87,61,74,12,59,65,0,9,0.0,15.049999999999999,0,0,0,0,0
2014-05-27,85,58,72,10,61,65,0,7,0.21,15.066666666666668,1,1,0,0,0
2014-05-28,71,56,64,1,49,55,1,0,0.03,15.083333333333336,1,1,0,0,0
2014-05-29,76,54,65,1,51,57,0,0,0.0,15.100000000000001,0,0,0,0,0
2014-05-30,79,53,66,2,49,57,0,1,0.0,15.133333333333333,0,0,0,0,0
2014-05-31,88,54,71,7,50,59,0,6,0.0,15.149999999999999,0,0,0,0,0
2014-06-01,90,63,77,13,59,66,0,12,0.01,14.85,0,0,0,0,0
2014-06-02,83,68,76,12,62,67,0,11,0.14,14.85,1,0,0,0,0
2014-06-03,81,66,74,10,50,60,0,9,0.0,14.883333333333333,0,0,0,0,0
2014-06-04,70,55,63,-1,53,57,2,0,0.19,14.900000000000002,1,1,0,0,0
2014-06-05,76,52,64,-1,42,53,1,0,0.0,14.933333333333334,0,0,0,0,0
2014-06-06,81,49,65,-1,40,54,0,0,0.0,14.933333333333334,0,0,0,0,0
2014-06-07,84,57,71,5,50,59,0,6,0.08,14.95,1,0,0,0,0
2014-06-08,72,54,63,-3,44,53,2,0,0.23,14.966666666666665,1,0,0,0,0
2014-06-09,78,55,67,1,48,55,0,2,0.0,14.983333333333333,0,0,0,0,0
2014-06-10,66,56,61,-6,51,55,4,0,1.26,15.000000000000002,1,1,0,0,0
2014-06-11,67,57,62,-5,55,58,3,0,0.52,15.000000000000002,1,1,0,1,0
2014-06-12,79,58,69,1,56,62,0,4,0.01,15.016666666666667,0,1,0,1,0
2014-06-13,75,55,65,-3,41,52,0,0,0.0,15.016666666666667,0,0,0,0,0
2014-06-14,79,52,66,-2,43,55,0,1,0.0,15.033333333333333,0,0,0,0,0
2014-06-15,84,60,72,4,55,63,0,7,0.0,15.033333333333333,0,0,0,0,0
2014-06-16,88,67,78,9,61,67,0,13,0.0,15.049999999999999,0,0,0,0,0
2014-06-17,91,77,84,15,64,70,0,19,0.01,15.049999999999999,1,0,0,0,0
2014-06-18,82,61,72,2,63,66,0,7,0.65,15.049999999999999,1,1,1,0,0
2014-06-19,79,59,69,-1,61,64,0,4,0.32,14.9,1,1,1,0,1
2014-06-20,85,63,74,4,63,67,0,9,0.01,14.9,0,1,1,0,0
2014-06-21,84,60,72,2,62,65,0,7,1.28,14.9,1,1,0,0,0
2014-06-22,82,63,73,3,61,64,0,8,0.0,14.899999999999999,0,1,1,0,1
2014-06-23,81,66,74,4,65,68,0,9,0.05,14.899999999999999,1,1,0,0,0
2014-06-24,87,70,79,8,65,69,0,14,0.41,14.899999999999999,1,0,0,0,0
2014-06-25,80,59,70,-1,58,61,0,5,0.01,14.899999999999999,0,1,1,0,1
2014-06-26,78,59,69,-2,57,61,0,4,0.0,14.883333333333333,0,1,1,0,0
2014-06-27,88,59,74,3,62,67,0,9,0.01,14.883333333333333,0,1,1,0,1
2014-06-28,87,71,79,8,67,70,0,14,0.0,14.866666666666665,0,0,0,0,0
2014-06-29,85,69,77,6,67,71,0,12,0.07,14.866666666666665,1,0,0,0,0
2014-06-30,87,67,77,5,67,70,0,12,2.6,14.866666666666665,1,0,0,0,0
2014-07-01,80,67,74,2,60,65,0,9,0.01,15.016666666666666,1,0,0,0,0
2014-07-02,70,56,63,-9,53,57,2,0,0.12,15.016666666666666,1,1,1,1,0
2014-07-03,76,56,66,-6,48,56,0,1,0.07,15.0,1,0,0,0,0
2014-07-04,79,58,69,-3,48,57,0,4,0.0,14.966666666666667,0,0,1,0,0
2014-07-05,77,60,69,-3,54,60,0,4,0.01,14.966666666666667,1,0,1,0,0
2014-07-06,87,63,75,3,63,68,0,10,0.0,14.95,0,0,0,0,0
2014-07-07,88,71,80,8,63,69,0,15,0.63,14.95,1,0,0,0,0
2014-07-08,81,66,74,1,59,65,0,9,0.54,15.083333333333332,1,0,0,0,0
2014-07-09,80,62,71,-2,54,61,0,6,0.0,15.066666666666666,0,0,0,0,0
2014-07-10,79,60,70,-3,53,60,0,5,0.0,15.066666666666666,0,0,0,0,0
2014-07-11,81,60,71,-2,54,61,0,6,0.01,15.033333333333333,1,0,0,0,0
2014-07-12,80,70,75,2,66,69,0,10,0.47,15.016666666666666,1,1,0,0,0
2014-07-13,85,68,77,4,61,67,0,12,0.01,14.983333333333334,0,0,0,0,0
2014-07-14,80,61,71,-2,54,61,0,6,0.2,14.983333333333334,0,0,0,0,0
2014-07-15,70,55,63,-11,50,56,2,0,0.05,14.950000000000001,1,0,0,0,0
2014-07-16,72,55,64,-10,47,55,1,0,0.0,15.083333333333332,0,0,0,0,0
2014-07-17,78,54,66,-8,50,57,0,1,0.0,15.066666666666666,0,0,0,0,0
2014-07-18,79,59,69,-5,53,60,0,4,0.0,15.033333333333333,0,0,0,0,0
2014-07-19,80,57,69,-5,52,60,0,4,0.0,15.0,0,0,1,0,0
2014-07-20,82,60,71,-3,56,63,0,6,0.0,15.0,0,0,0,0,0
2014-07-21,86,63,75,1,61,66,0,10,0.0,14.966666666666669,0,0,0,0,0
2014-07-22,90,69,80,6,67,71,0,15,0.01,14.933333333333334,0,0,0,0,0
2014-07-23,75,59,67,-7,51,58,0,2,0.0,14.9,0,0,0,0,0
2014-07-24,75,57,66,-8,47,56,0,1,0.0,15.033333333333331,0,0,0,0,0
2014-07-25,75,55,65,-9,54,60,0,0,0.01,15.0,0,0,0,0,0
2014-07-26,84,68,76,2,63,67,0,11,0.0,14.983333333333333,0,0,0,0,0
2014-07-27,87,65,76,2,59,66,0,11,0.02,15.116666666666667,1,1,1,0,0
2014-07-28,73,59,66,-8,48,56,0,1,0.0,15.083333333333336,0,0,0,0,0
2014-07-29,81,58,70,-4,53,60,0,5,0.01,15.049999999999999,0,0,0,0,0
2014-07-30,79,59,69,-5,54,60,0,4,0.0,15.016666666666666,0,0,0,0,0
2014-07-31,84,59,72,-2,55,62,0,7,0.0,14.983333333333334,0,0,0,0,0
2014-08-01,85,62,74,1,56,63,0,9,0.15,14.933333333333334,0,0,0,0,0
2014-08-02,86,59,73,0,53,61,0,8,0.0,14.9,0,0,0,0,0
2014-08-03,87,62,75,2,58,65,0,10,0.0,15.033333333333331,0,0,0,0,0
2014-08-04,87,67,77,4,60,65,0,12,2.76,15.0,1,1,0,0,0
2014-08-05,80,64,72,-1,62,65,0,7,0.01,14.966666666666667,0,1,1,0,0
2014-08-06,80,62,71,-2,54,61,0,6,0.0,15.100000000000001,0,0,0,0,0
2014-08-07,81,61,71,-2,56,63,0,6,0.0,15.05,0,0,0,0,0
2014-08-08,82,66,74,1,57,64,0,9,0.0,15.016666666666667,0,0,0,0,0
2014-08-09,80,66,73,0,57,63,0,8,0.0,14.983333333333334,0,0,0,0,0
2014-08-10,81,69,75,2,59,65,0,10,0.0,14.933333333333334,0,0,0,0,0
2014-08-11,82,67,75,2,63,67,0,10,0.85,14.066666666666666,1,1,0,0,0
2014-08-12,70,61,66,-7,55,59,0,1,0.07,14.033333333333333,1,0,0,0,0
2014-08-13,82,57,70,-3,55,61,0,5,0.0,13.983333333333334,0,0,0,0,0
2014-08-14,72,57,65,-7,48,56,0,0,0.0,13.95,0,0,0,0,0
2014-08-15,78,52,65,-7,50,58,0,0,0.0,13.916666666666666,0,0,0,0,0
2014-08-16,82,62,72,0,61,65,0,7,0.0,13.033333333333335,0,0,0,0,0
2014-08-17,71,64,68,-4,61,63,0,3,0.01,13.0,0,1,1,1,0
2014-08-18,83,65,74,2,62,66,0,9,0.0,13.116666666666665,0,1,1,0,0
2014-08-19,86,69,78,7,65,69,0,13,0.09,13.083333333333332,1,0,0,0,0
2014-08-20,86,66,76,5,63,68,0,11,0.0,13.033333333333335,0,0,0,0,0
2014-08-21,79,70,75,4,68,70,0,10,0.98,13.0,1,1,0,0,0
2014-08-22,86,72,79,8,70,73,0,14,1.58,12.950000000000001,1,1,0,0,0
2014-08-23,86,68,77,6,69,71,0,12,0.34,12.900000000000002,1,1,1,0,0
2014-08-24,88,70,79,8,69,72,0,14,0.0,12.85,0,0,0,0,0
2014-08-25,88,71,80,10,68,71,0,15,0.01,13.149999999999999,1,1,0,0,0
2014-08-26,85,71,78,8,65,69,0,13,0.12,13.100000000000001,0,0,0,0,0
2014-08-27,82,67,75,5,60,65,0,10,0.0,13.049999999999999,0,0,0,0,0
2014-08-28,77,67,72,2,57,63,0,7,0.01,13.016666666666666,1,0,0,0,0
2014-08-29,86,71,79,9,67,70,0,14,0.08,12.966666666666669,0,0,0,0,0
2014-08-30,83,70,77,7,65,69,0,12,0.27,12.933333333333334,0,0,0,0,0
2014-08-31,85,68,77,8,65,69,0,12,0.0,13.049999999999999,0,1,1,0,0
2014-09-01,83,70,77,9,65,69,0,12,0.36,13.0,1,0,0,0,0
2014-09-02,82,67,75,7,60,65,0,10,0.01,12.966666666666669,1,0,0,0,0
2014-09-03,83,61,72,4,59,65,0,7,0.0,12.916666666666666,0,0,0,0,0
2014-09-04,85,71,78,10,66,70,0,13,0.26,13.033333333333335,1,0,0,0,0
2014-09-05,88,64,76,9,65,69,0,11,0.5,13.0,1,0,0,0,0
2014-09-06,75,60,68,1,51,58,0,3,0.0,13.116666666666665,0,0,0,0,0
2014-09-07,80,54,67,0,49,57,0,2,0.0,13.066666666666666,0,0,0,0,0
2014-09-08,77,55,66,0,52,59,0,1,0.0,13.016666666666666,0,0,0,0,0
2014-09-09,79,63,71,5,59,64,0,6,0.01,12.983333333333334,1,0,0,0,0
2014-09-10,80,56,68,2,61,64,0,3,1.31,12.933333333333335,1,1,0,0,0
2014-09-11,56,50,53,-12,42,47,12,0,0.0,12.883333333333333,0,0,0,0,0
2014-09-12,55,44,50,-15,43,46,15,0,0.13,13.016666666666666,1,1,0,0,0
2014-09-13,59,41,50,-15,40,44,15,0,0.0,12.966666666666667,0,0,0,0,0
2014-09-14,65,42,54,-10,43,49,11,0,0.0,13.083333333333332,0,0,0,0,0
2014-09-15,62,51,57,-7,48,52,8,0,0.01,13.033333333333335,1,0,0,0,0
2014-09-16,68,44,56,-8,43,50,9,0,0.0,11.966666666666667,0,0,0,0,0
2014-09-17,70,48,59,-5,45,52,6,0,0.0,12.083333333333332,0,0,0,0,0
2014-09-18,70,53,62,-2,52,56,3,0,0.0,12.01666666666667,0,1,0,0,1
2014-09-19,78,53,66,3,48,56,0,1,0.0,11.983333333333333,0,1,0,0,0
2014-09-20,77,63,70,8,61,64,0,5,0.12,11.933333333333334,1,0,0,0,0
2014-09-21,69,51,60,-2,50,55,5,0,0.01,11.883333333333333,1,0,0,0,0
2014-09-22,67,46,57,-5,43,49,8,0,0.0,11.999999999999998,0,0,0,0,0
2014-09-23,74,51,63,2,46,53,2,0,0.0,12.133333333333333,0,0,0,0,0
2014-09-24,77,54,66,5,49,56,0,1,0.0,12.083333333333336,0,0,0,0,0
2014-09-25,74,56,65,4,52,58,0,0,0.0,12.033333333333333,0,0,0,0,0
2014-09-26,79,51,65,5,53,58,0,0,0.0,11.983333333333334,0,1,0,0,0
2014-09-27,79,54,67,7,54,59,0,2,0.0,11.95,0,0,0,0,0
2014-09-28,78,53,66,7,55,59,0,1,0.0,12.066666666666666,0,1,1,0,0
2014-09-29,83,53,68,9,54,58,0,3,0.01,12.016666666666667,1,1,0,0,0
2014-09-30,58,47,53,-6,47,50,12,0,0.01,11.966666666666665,0,1,0,1,0
2014-10-01,70,49,60,2,50,55,5,0,0.0,11.933333333333334,0,0,0,0,0
2014-10-02,72,63,68,10,61,63,0,3,0.32,11.883333333333335,1,1,0,0,0
2014-10-03,65,43,54,-3,45,49,11,0,0.68,12.0,1,0,0,0,0
2014-10-04,47,35,41,-16,34,39,24,0,0.06,12.116666666666665,1,1,0,1,0
2014-10-05,55,37,46,-11,35,42,19,0,0.01,12.066666666666666,1,0,0,0,0
2014-10-06,61,42,52,-4,38,45,13,0,0.01,12.016666666666666,0,0,0,0,0
2014-10-07,66,48,57,1,43,50,8,0,0.01,11.983333333333334,0,0,0,0,0
2014-10-08,65,44,55,-1,35,46,10,0,0.0,11.933333333333335,0,0,0,0,0
2014-10-09,62,43,53,-2,34,44,12,0,0.0,11.883333333333333,0,0,0,0,0
2014-10-10,58,39,49,-6,39,44,16,0,0.0,12.016666666666666,0,0,0,0,0
2014-10-11,59,36,48,-6,34,42,17,0,0.0,11.966666666666667,0,0,0,0,0
2014-10-12,63,38,51,-3,42,47,14,0,0.01,11.083333333333332,1,1,0,1,0
2014-10-13,67,56,62,9,58,60,3,0,0.64,11.033333333333333,1,1,0,1,0
2014-10-14,65,52,59,6,57,58,6,0,0.65,10.983333333333334,1,1,0,1,0
2014-10-15,55,50,53,0,51,51,12,0,0.05,10.95,1,1,0,1,0
2014-10-16,56,50,53,1,49,51,12,0,0.01,11.066666666666666,0,1,0,1,0
2014-10-17,62,48,55,3,46,50,10,0,0.01,11.016666666666667,0,0,0,0,0
2014-10-18,50,36,43,-8,38,42,22,0,0.01,10.983333333333334,1,0,0,1,0
2014-10-19,54,33,44,-7,38,43,21,0,0.0,10.933333333333334,0,0,0,0,0
2014-10-20,65,46,56,6,44,49,9,0,0.01,11.05,0,0,0,0,0
2014-10-21,53,45,49,-1,39,44,16,0,0.0,11.0,0,0,0,0,0
2014-10-22,56,35,46,-4,38,43,19,0,0.0,9.966666666666667,0,0,0,0,0
2014-10-23,59,36,48,-1,40,45,17,0,0.0,10.083333333333332,0,1,0,0,0
2014-10-24,67,52,60,11,46,52,5,0,0.0,10.05,0,0,0,0,0
2014-10-25,72,49,61,13,40,51,4,0,0.0,10.000000000000002,0,1,0,0,0
2014-10-26,64,42,53,5,32,44,12,0,0.0,9.95,0,0,0,0,0
2014-10-27,77,51,64,16,51,58,1,0,0.0,9.916666666666668,0,0,0,0,0
2014-10-28,68,45,57,10,38,47,8,0,0.01,9.866666666666665,0,0,0,0,0
2014-10-29,49,36,43,-4,32,40,22,0,0.0,10.0,0,0,0,0,0
2014-10-30,51,32,42,-4,34,40,23,0,0.0,10.116666666666665,0,0,0,0,0
2014-10-31,47,33,40,-6,25,33,25,0,0.03,10.066666666666666,1,0,0,0,0
